0.0
0.3182
0.0
0.0
0.0
0.5106
0.3182
0.0
0.4588
0.3612
0.9629
0.0
0.0
0.4314
0.8547
0.3612
0.0
0.8167
-0.2577
0.3182
-0.3931
0.0
0.2263
0.0
0.0
0.0
0.7156
0.0
0.0
0.4588
0.0
0.0
0.0
0.0
0.6696
0.0
0.8731
0.6369
0.0
0.6588
0.5819
0.0
0.0
0.7125
0.8687
0.0
0.0
-0.2481
0.2263
0.0
0.7901
0.0052
0.1779
0.8225
0.0
0.0
-0.5719
0.555
0.0
0.6776
0.0
0.9608
0.5267
0.6369
0.0
0.9302
0.0
0.9582
0.0
0.4486
0.0
0.4781
0.5859
0.8126
0.6696
0.7728
0.9896
0.9065
0.0
-0.2679
0.0
0.0
0.0
0.0
0.0
0.3818
0.4404
0.0
0.9926
0.4019
0.8934
0.0
0.0
0.0
0.0
0.0
0.8204
0.0
0.0
0.5574
0.8172
-0.1779
0.7845
0.0
0.0
0.841
0.0
0.0
0.0
-0.4404
0.4199
0.5448
0.0
0.0
0.0
0.0
0.0
0.0
0.4767
0.9446
0.233
0.9507
0.0
0.8934
0.0
0.0
0.0207
0.4523
0.9073
0.0
0.7018
-0.5994
0.0
0.9205
0.0
0.0
0.0
0.0
-0.6908
0.973
0.0
0.8074
0.508
0.0
0.0
0.5638
0.0
0.9226
0.0
0.0
-0.5423
0.0
0.2732
0.4344
0.0
0.0
0.8668
0.0
0.4588
-0.7184
0.3612
0.0
-0.5574
0.0
0.7003
0.7952
0.5615
0.0
0.0
0.0
0.296
0.8402
-0.1027
0.8118
0.0
0.0
0.4215
0.0
0.0
0.3875
0.0
0.6249
0.5719
-0.2023
0.7269
0.0
-0.5859
0.0
0.8676
0.0
0.2732
0.6908
0.4926
0.0
0.0
0.0
0.0
0.0
0.4019
0.7152
0.0
0.4927
0.6166
0.0
0.129
-0.5106
0.955
0.9539
0.4588
0.6671
0.0
0.0
-0.836
0.3612
0.0
0.0
0.8035
-0.2755
0.0
0.0
0.0
0.0
0.0
0.0
0.0
0.7485
0.6641
0.9861
0.5875
0.5709
0.0
0.0
-0.296
0.8146
0.0
0.8313
0.1351
0.743
0.129
0.0
0.0
0.0
0.3802
0.4404
0.0
0.0
0.9622
0.8553
0.0
0.7768
0.0
0.3182
0.3331
0.0
0.0
0.0
0.0
0.8144
0.0
0.0
0.0
0.4857
0.8066
0.5574
0.8225
0.0
0.4843
0.4574
0.3593
0.636
0.3612
0.7052
0.0
0.0
0.0
0.0
0.0
0.0
0.5719
0.558
0.0
0.2946
0.0
0.0
0.8962
0.9496
0.3818
0.0
0.0
0.0
0.0
0.0
-0.1779
0.0
0.0
0.0
0.0
0.5826
0.9849
0.0
0.0
0.904
0.8917
0.8442
0.0
0.0
0.4953
0.506
0.6369
0.0
0.7935
0.7393
0.0
0.0
-0.1139
0.4019
0.7906
0.9746
0.3818
0.7932
0.0
0.0
0.6369
0.4738
0.0
0.0
0.0
-0.3578
0.7978
0.0
0.0
0.6369
0.9291
0.0
0.0
0.0
0.0
0.6369
0.0
0.4207
0.743
0.0
0.8176
0.8763
0.9443
0.0
0.0
0.7845
0.7783
0.0
0.0
0.0
-0.4404
0.7579
0.0
0.0
0.0772
0.0
0.6969
0.8885
-0.6124
0.0
-0.5213
0.0
0.2686
0.4019
0.0
0.0
0.5859
0.6996
0.7717
-0.1779
0.0
0.6709
0.5267
0.0
0.8683
0.9712
0.128
0.0772
0.0
0.0
-0.296
0.0
0.9628
0.6804
0.0
0.0
0.0
0.6828
0.8176
0.5924
0.785
0.0
0.0
0.0
0.0
-0.5859
0.7351
0.4404
0.3182
0.9526
0.0
0.5983
0.0572
0.4404
0.0
0.0
0.1779
0.0
0.8598
0.0
0.0
0.4588
0.7114
0.8878
0.0
0.0
0.0
0.0
0.0
0.32
0.7717
0.3612
0.0
0.9651
0.6124
0.4456
0.8225
0.0
0.0
0.8545
0.0
0.2686
0.9439
0.0
0.0
0.0
0.0
0.9729
0.0
0.4927
0.6239
0.0
0.4215
0.6369
0.0
0.0
0.6495
0.0
0.0
0.0
0.0
0.0
0.0
0.0
0.8308
-0.7845
0.0
0.0
0.0
0.0
0.0
0.0
0.0
0.0
0.0
0.4973
-0.8741
0.8565
0.0
0.8164
0.9888
0.0
0.8529
0.8682
0.0
0.938
0.25
0.6958
0.3612
0.0
0.0
0.0
0.0
0.0
0.8766
0.0
0.9571
0.6369
0.0279
0.0772
0.9415
0.5405
0.0
0.0
0.0
0.0
0.0
-0.5994
0.0
0.0
0.6369
0.4374
0.0
0.7964
0.6892
0.0
0.0
0.3182
0.8275
0.4215
0.0
0.9012
0.2732
0.296
0.0
0.8302
-0.457
0.2263
0.3182
0.4291
0.4215
0.0
0.2263
0.9723
0.8724
0.2942
0.0
0.0
0.0
0.7952
0.0
0.8863
0.2225
0.802
0.2225
0.8655
0.0
0.5267
0.3956
0.6472
0.8245
0.0
0.4019
0.0
0.0
0.7096
0.5466
0.0
0.8575
0.0
0.6124
0.7548
0.0
0.3612
0.0
0.0
0.3612
0.0
0.6908
0.4404
0.6369
0.0
-0.6705
0.4314
0.7199
0.5949
0.4404
0.0
-0.3818
0.0
0.9042
0.9477
0.5719
0.7932
0.0
0.0
0.0
0.765
0.0
0.8126
0.0
0.34
0.4545
0.8831
0.0
0.0
0.0
0.4675
0.0
0.0
0.0
0.8655
0.0
0.6369
0.6742
0.8288
0.0
0.0
0.2741
0.6369
0.1531
0.4404
0.0
0.0
0.9326
0.0
-0.4724
0.0
0.0
0.7184
0.0
0.0
0.0
0.5837
0.5702
0.0
0.0
0.0
0.7527
0.4871
0.0
0.0
0.0
0.0
0.0
0.8295
0.0
0.845
0.0
0.0
0.8827
0.0
0.0
0.7269
0.4885
-0.9169
0.0
0.5859
0.5229
0.6369
0.8148
0.0
-0.1531
0.0
0.0
0.0
0.5719
0.0
0.0
-0.296
0.0
0.0
0.0
-0.8122
0.0
0.0
0.7239
0.0
0.3182
0.4774
0.9432
0.0
0.2741
0.0
0.0
0.9699
0.9801
0.0
0.8301
0.0
0.3468
0.0
0.9591
0.0
0.826
0.6312
0.8465
0.0
0.0
0.0
0.0
0.8617
0.0
0.0
-0.1268
0.6369
0.0
0.7825
0.0
0.6249
0.6988
0.0
0.9141
0.0
0.0
-0.8179
0.0258
0.5142
0.4442
0.6249
0.6588
0.0
0.0
0.4986
0.0
0.3875
0.0
0.0
-0.4389
0.8608
0.0
0.8956
0.0
0.75
0.0
0.5493
0.0
0.0
0.2769
0.0
0.0
0.0
0.3408
0.7964
0.0
0.4767
-0.1739
0.0
0.0
0.3506
-0.2842
0.4059
0.0
0.7845
0.0
0.0
0.0
0.0
0.7682
0.0
0.0
-0.6523
0.3612
0.0
0.9147
0.0
0.0
-0.2755
0.3408
0.8009
0.0
0.9556
0.0
0.0
0.2631
-0.5423
0.4404
0.4523
0.0
0.0
0.0
0.0
0.0
0.0
-0.3412
-0.5574
0.0
0.0
0.0
0.0
0.9259
0.5411
0.9201
0.0
0.8788
0.0
0.0
0.0
0.3182
0.0
0.865
0.0
0.0
0.7003
0.0
0.4215
0.4601
0.0
0.2263
-0.2732
0.0
0.0
0.0
0.0
0.8221
0.0
0.0
0.5809
0.4404
0.3818
-0.296
0.0
-0.5848
0.0
0.4738
0.0
0.6457
0.0
-0.5423
0.8834
0.7506
0.9249
-0.4039
0.8395
0.8922
0.4003
0.8221
0.0
0.8316
0.0
0.7227
0.0
0.8152
-0.6908
0.5067
-0.1511
0.908
0.7712
0.0
0.4404
0.802
0.2023
0.0
0.4404
0.0
0.0
0.8726
0.0
0.0
0.5267
0.9332
0.8402
0.0
0.7007
0.0
0.5538
0.0
-0.5423
0.0
0.0
0.0
0.0
0.0
0.0
0.0
0.0
0.0
0.0
0.0
0.9322
0.4588
0.0
0.166
0.0
-0.1665
0.9824
0.0
0.7783
0.2869
0.0
0.0
0.0
0.4805
0.0
0.8615
-0.3226
0.0
0.9035
0.3603
0.0
0.0
0.9528
0.0
0.0
0.0
0.1779
0.0
0.6369
0.8507
0.34
0.9581
0.5792
0.0
0.8622
0.0
-0.1531
0.5466
0.0
0.0
0.0
0.0
0.6726
0.9297
0.0
0.3182
0.8061
0.8368
0.0
0.0
0.4926
0.0
0.0
-0.5562
0.9253
0.7939
0.4314
0.6249
0.5574
-0.1955
0.0
0.0
0.9942
0.6341
0.9924
0.0
0.0
0.6369
0.0
0.0
0.3612
0.3089
0.9822
0.7845
0.0
0.0
0.6369
0.8057
-0.6705
0.0
0.0
0.6369
0.0
0.0
-0.6341
0.0
0.1779
0.0
0.7862
0.0
0.5622
0.9174
0.0
0.0
0.6988
0.0
0.0
0.8625
-0.1779
0.0
0.6973
-0.6289
0.0
0.0
0.6662
0.4456
0.0
0.0
0.9042
0.0
0.7383
0.506
-0.1779
0.0
0.7335
0.765
0.0
0.0
0.75
0.0
0.0
0.9001
0.0
0.0
0.0
0.0
0.0
0.5255
0.8271
0.4404
0.7568
0.5621
0.0
0.0
0.0
0.0
0.3535
0.0
0.0
0.4639
0.6249
0.0
0.8505
0.0
0.5859
0.5864
0.5859
0.8126
0.5994
0.4314
0.7067
0.8897
0.0
0.0
0.25
0.7088
-0.8918
0.0
0.82
0.7672
0.6369
0.8642
0.802
0.0
0.0
0.4442
0.5859
0.0
0.7312
0.506
0.0
0.8955
0.0
0.0
0.0
0.5994
0.8463
0.3976
0.0
0.9843
0.0
0.1729
0.0
0.8788
0.0
0.0
0.0
0.765
0.7932
0.8829
0.0
0.4404
0.0
0.0
0.9695
0.0
0.0
0.8055
0.6369
0.5574
0.1729
-0.128
0.8481
0.6369
0.0
0.0
0.0
0.0
0.0
0.0
0.6067
0.0
0.8957
0.8316
0.0
0.9698
0.0
0.0
0.0
0.0
0.7482
0.0
0.0
0.9241
0.0
0.5615
0.2686
0.5368
-0.5411
0.0
0.8732
0.602
0.7731
0.8223
0.5967
0.7096
0.0
0.875
0.9265
0.0
0.1798
0.0
0.0
0.0
0.4466
-0.2732
0.9597
0.0
0.6912
0.0
0.0
0.9024
0.0
0.0
0.0
0.0
0.0
0.0
0.0
0.4905
0.8996
0.6369
0.0
0.0
-0.1779
0.0
0.0
0.0
0.5826
0.5248
-0.5848
0.5994
0.0
0.9531
0.0
0.7099
0.6369
0.0
0.0
0.3182
0.0
0.3851
-0.8356
0.4374
0.972
0.7571
0.0
0.6369
0.6369
0.6369
0.9449
0.6103
0.3182
0.0
0.0
0.3612
0.0
0.0
0.8964
0.9619
0.9479
0.0
0.6768
0.9418
0.3818
0.0
0.0
0.7968
0.7783
0.0
0.0
0.5719
0.0
0.7666
0.0
0.984
0.0
0.0
0.802
-0.5574
0.5574
0.7599
0.784
-0.34
0.0
0.0
-0.25
0.0
0.5656
0.0
0.6369
0.0
0.0
0.3612
0.0
0.0
0.0
0.0
0.4404
0.0
0.0
0.0
-0.1779
0.0
0.6229
0.0
0.7689
0.7269
0.8134
0.0
0.0
0.0
0.0
0.0
0.0
0.7543
0.0
0.0
0.3612
0.4404
0.0
0.3612
0.9395
0.0
0.5023
0.0
0.1759
0.0
0.9749
0.3612
0.4314
0.0
0.2732
0.0
0.9963
-0.4003
0.3818
0.927
0.0
0.7684
0.0
0.0
0.4019
0.4404
0.0
0.9398
0.6124
0.9897
0.738
0.9171
0.0
0.4404
0.0
0.0
0.9829
0.0
0.9813
0.0
0.0
0.0
0.0
0.6369
0.9409
0.0
0.0
0.5719
0.4588
0.0
0.0
0.7858
0.6369
0.0
0.0
0.8519
0.0
-0.2342
0.6705
0.4939
-0.2263
0.0
0.8932
0.4927
0.0
0.5994
0.0
0.6369
0.5093
0.9466
0.3182
0.4404
0.0
0.9621
0.0
0.0
0.0
0.3182
0.0
-0.296
0.8947
0.5597
0.0
0.0
0.777
0.0
0.0
0.565
0.6369
0.6369
0.0
0.1027
0.8402
0.0
0.8299
-0.8074
0.8619
0.3612
0.3182
0.0
0.0
0.3612
0.0
0.0731
0.9716
0.0
0.0
0.7356
0.0
0.5544
0.6184
0.4019
0.0
0.7709
0.0
0.0
0.0
0.0
0.9042
0.0
0.0
-0.0516
0.0
0.0
0.6808
0.0
0.3612
0.0
0.0
0.0
0.4377
0.0
0.0
0.3182
0.0
0.8184
0.0
0.1838
0.0
0.0
0.0
0.8074
0.128
0.3818
0.0
0.0
0.0
-0.1779
0.8056
0.9826
0.0
0.3612
0.805
0.3257
0.0
0.0
0.7717
0.8647
0.0
0.0
0.0
0.0
0.5719
0.4973
0.8118
0.0
0.9463
0.0
0.0
0.9198
0.3818
0.5574
0.8869
0.0
0.0
0.7351
0.0
-0.34
0.4201
0.8555
0.0
0.5848
0.0
0.735
0.0
0.4215
0.0
0.0
0.9029
0.9894
0.0
0.0
-0.4479
0.9649
0.0
0.4588
0.2047
0.0
0.8161
0.6053
0.0
0.34
0.0
0.6696
0.7342
0.4588
0.0
0.0
0.0
0.7065
-0.9432
0.0
0.0
0.9091
0.8309
0.0
0.2433
0.0
0.8736
0.0
0.9274
0.4019
0.0649
0.0
0.1613
0.0
0.0
0.0
0.9639
0.0258
0.0
0.0
0.6365
0.34
0.0
0.8225
0.8593
0.0
0.9858
0.0
-0.2042
-0.4199
0.0
0.6931
0.4215
0.8126
0.9529
0.6705
0.9604
-0.1531
0.0
0.0
0.0
-0.1531
0.8202
0.8874
0.8271
0.0
0.0
0.0
0.0
0.0
0.3818
0.8126
0.0516
0.0
0.905
0.89
-0.5719
0.1027
0.5983
0.0
0.0
0.7369
0.0
0.678
0.2519
0.0772
0.0
0.7952
0.0
0.6369
0.3818
0.9723
-0.068
0.8385
0.0
0.7096
0.0
0.0
0.0
0.0
0.0
0.0
0.0
0.0
0.8683
0.0
0.0
0.994
0.0
0.0
0.0
0.4215
0.0
0.4314
0.0
0.0
0.0
0.5994
-0.5216
0.0
0.6504
0.0
0.0
0.0
0.0
0.9316
0.0
0.0
0.4404
0.0
0.0
0.0
-0.3595
0.0772
0.6369
0.9392
0.0
0.0
0.0
0.3612
0.0
0.7374
0.5466
0.0
0.0
0.0
0.0
0.0
0.0
0.0
0.0
0.0
-0.5719
0.0
0.5574
0.8274
0.0
0.0
0.9582
0.0
0.8408
0.7906
0.9757
0.0
0.4404
0.0
0.0
0.9349
0.8387
0.9806
0.0
0.0
0.3182
0.8431
0.2263
0.3182
0.5842
0.9192
0.6369
0.3434
0.0
0.5448
0.0
0.5574
0.0
0.0
0.3182
-0.1877
0.0
0.0
0.8271
0.0
0.0
0.6369
0.7964
0.807
0.001
0.0
-0.9183
-0.0258
0.9519
0.0
0.0
0.0
0.9275
0.3182
0.0
0.0
0.0
0.431
0.8663
0.0
0.6342
0.0
0.9605
0.0
0.0
0.9246
0.0772
0.0
0.0
0.8477
0.0
0.0
0.8947
0.0
0.4199
0.9122
0.9114
0.0
0.0
0.3612
0.0
0.0
0.4019
0.7906
0.8917
0.7906
0.0
0.7623
0.0
0.0
0.901
0.9618
0.937
0.4588
0.0
0.0
0.0
0.0
0.9466
0.0
0.0
-0.627
0.9042
0.9053
0.0
0.0
0.8273
0.8827
-0.296
0.9509
0.69
0.0
0.0
0.6472
0.6369
0.0
-0.3182
0.0
0.0772
0.0
0.0
0.859
0.0
-0.5423
0.0
0.0
0.4215
0.6369
0.0
-0.7369
0.0
0.25
0.0
0.0
0.2263
0.0
0.0
-0.34
0.3612
0.8013
0.6186
0.7733
0.276
0.0
0.6124
0.0
0.4404
0.0
0.0
0.0
0.0
0.0
0.2589
0.0
0.4939
0.0
0.0
0.4215
0.8349
0.6259
0.0
-0.5996
0.4314
-0.296
0.927
0.0
0.587
0.6288
0.6249
0.0
0.9574
0.8555
0.0
0.7312
0.0
0.0
0.8917
0.8741
0.3417
0.0
0.9443
0.4588
0.6249
0.8608
0.7003
0.0
0.0
-0.3182
-0.5411
-0.1511
0.0
0.9244
0.34
0.4314
0.0
0.1027
0.6369
-0.7269
0.0
0.0
0.3867
0.9105
0.8059
0.4574
0.0
0.0258
0.8474
0.7674
0.3612
0.5106
0.8356
0.4314
0.0
0.6369
0.9151
0.0
0.894
0.9495
0.0
0.6912
0.3612
0.0
0.0
0.6249
0.6508
0.0
0.6483
0.8913
0.9751
0.0
0.7845
0.8337
0.5405
0.0
0.0
0.4939
0.8701
0.0
0.0
0.0
0.8065
0.765
0.0
0.0
0.7202
0.9292
0.2842
0.4588
0.0
-0.296
0.0
0.0
0.7579
0.707
0.7289
0.5859
0.0
0.0
0.0
0.8468
0.0
0.4019
0.0
0.0
0.8176
0.0772
0.0
0.6962
0.0
0.0
0.8508
0.6239
0.0
0.7273
0.3244
0.8225
0.6808
0.0
0.0
0.0
0.8271
0.0
0.0
0.0
0.0
0.6369
0.0
0.8903
0.0
0.7565
0.1877
0.5859
0.0
0.0
0.0
0.3952
0.8198
0.0
0.0
0.0
0.0
0.0
0.5994
0.0
0.0
0.0
0.0
0.0
0.0
0.0
0.6166
0.7048
0.0
0.0
0.0
0.0
0.7696
0.0
0.9228
0.3612
0.2714
0.0
0.7936
0.5615
0.0
0.0
0.9886
0.0
0.0
0.952
0.0
0.0
0.0
0.9072
0.0
0.0
0.7579
0.4019
0.0
0.0
0.0
0.0
0.9787
0.0
0.0
0.6369
0.9028
0.0
0.0
0.6369
0.9078
0.4767
0.9828
0.4019
0.0
0.8748
0.0
0.7845
0.0
0.0
0.0
0.5837
0.0
0.9477
0.0
0.973
0.3417
0.916
0.0
0.0
0.0
0.6331
0.0
0.0
0.0
0.6912
0.0
0.0
0.9845
0.7536
0.6083
0.6369
0.0
-0.5423
0.6077
0.5368
0.0
0.296
0.0
0.0
0.8393
0.0
0.4588
0.0
0.8503
0.4374
0.9295
0.6259
0.0
0.0
0.8858
0.4019
0.0258
0.0
0.0
0.7226
-0.3182
0.0
0.0
0.0
-0.1779
-0.1027
-0.5719
0.0
0.3612
0.3182
0.0
0.5442
0.0
0.4588
0.802
0.0
0.0
0.0
0.3612
-0.6841
0.0
0.7936
0.0
0.0
0.0
0.86
0.8257
0.6898
-0.4215
0.832
0.0
0.0
0.6426
0.0
0.9101
0.0
0.0
0.7351
0.0
0.9118
0.0
0.0
0.0
0.826
0.0
0.5319
0.0
0.0
0.0
0.0
-0.4404
0.5106
0.5562
0.5562
0.5562
0.5562
0.5562
-0.0547
0.0
0.8571
0.0
0.0
0.6486
0.0
0.9912
0.5538
0.0
0.0
0.0
0.0
0.4404
0.9892
0.4588
0.5493
0.0
0.0
0.0
0.7476
0.9152
0.5423
0.0
0.0
0.4939
0.0
0.0
0.1779
0.0
0.0
0.882
0.7772
0.0
0.0
0.0
0.0
0.0
0.0
0.0772
0.0
0.0
-0.4767
0.0
-0.4983
0.0
0.0
0.0
0.0
0.0
0.0
0.0
0.0
0.0
0.0
0.8442
0.0
0.0
-0.5849
0.0
0.0
0.0772
0.0
-0.5255
0.0
0.0
0.0
0.0
0.3182
0.0
0.0
0.0
0.0
0.0
0.0
0.0
0.0
0.0
0.0
0.0
0.0
0.7433
0.0
0.0
-0.3412
0.0
0.5106
0.0
0.1769
0.5859
-0.6808
0.0
0.4588
0.0
0.743
0.0
0.2869
0.0
0.0
0.0
0.0
0.7943
-0.3417
0.6331
0.8116
0.4449
0.0
0.0
-0.296
0.0
0.0
0.0
0.0
-0.7156
0.0
0.7885
-0.8517
0.0
0.0
0.3612
0.0
0.4927
0.0
0.5405
-0.2732
0.0
0.0
0.6369
0.0
0.0
0.0
0.0
0.0
0.0
0.4404
0.0
0.0
0.0
-0.6249
0.3818
0.8418
0.0
0.0
0.7063
0.0
0.0
0.0
0.0
0.0
0.0
0.0
0.0
0.0
0.0
0.0
0.8148
0.0
0.0
0.6896
0.8392
0.0
0.4404
0.983
0.0
0.2411
0.8218
0.2944
0.4215
0.9453
0.0
-0.3612
0.0
0.3818
0.6641
0.0
0.0
0.0591
0.0
0.0
0.6597
0.5859
0.0
0.0
0.0
0.7835
0.0
0.0
0.0
0.0
0.0
0.8553
0.0
0.0
0.0
0.5267
0.0
0.6486
0.0
0.0
0.0
0.0
0.4404
0.5951
0.0
-0.4019
0.4404
0.9874
0.0
-0.128
0.0
0.0
-0.7003
0.9097
0.0
0.6124
0.5113
0.3612
0.0
0.9119
0.4059
-0.5095
0.3182
0.8356
0.0
-0.1511
0.0
0.0
0.0
0.0
0.0
0.0
0.0
0.0
0.0
0.0
0.0
0.0
0.0
0.25
0.0
0.0
0.3612
0.0
0.6369
0.0
0.0
0.1779
0.0
0.0
0.9591
-0.5267
0.3197
0.0
-0.1531
0.8046
0.0
0.7269
-0.1779
-0.929
0.0
0.0
0.0
0.0
0.7875
0.2732
0.0
0.5106
0.25
0.0
0.4767
0.0
0.0
0.1779
0.0
0.0
0.0
0.0
0.0
0.9118
-0.5399
0.0
-0.7887
0.5047
0.3612
0.0
0.0
-0.6908
-0.5574
0.765
0.0
0.8316
0.2937
0.0
0.3612
0.5106
0.5106
0.0
0.0
0.0
0.0
0.34
-0.4003
0.5837
0.0
0.0
0.0
0.0
0.6981
0.802
0.3786
-0.3612
0.9196
0.0
0.3818
0.0
0.1531
0.0
0.8024
0.0
0.8555
0.8258
0.0
0.0217
0.5759
0.0
0.0
0.0
0.0
0.833
0.4404
0.0
0.0
0.5859
0.0
0.0
-0.4767
0.9747
0.0
0.9337
0.0
-0.1027
0.0
0.0
-0.5574
0.8795
0.0
0.0
0.8689
0.0
0.8563
0.0
0.0
0.4753
0.2732
0.0
0.0
0.0
0.0
0.6369
0.0
-0.2263
-0.5423
0.0
0.0
0.4314
0.8591
0.5719
-0.5106
0.0
0.0
0.8831
0.0
0.5106
0.3818
-0.5423
0.6597
0.0
-0.6351
0.0
0.6481
0.4404
0.0
0.0
0.0
0.0
0.2686
0.0
0.892
0.0
0.4939
0.0
0.0
0.5267
0.4717
0.0
0.7345
0.6369
0.0
0.802
0.1491
0.6444
0.0
-0.0382
0.8686
0.0
0.0
-0.4767
0.0
-0.1027
0.0
0.9747
0.3408
0.6981
0.0
-0.5423
0.6369
0.5229
-0.296
0.0
0.0
0.0
0.5574
0.4404
0.0
0.7269
0.4199
0.0
0.0
0.9107
0.1601
0.0
0.4939
0.4689
0.8172
0.8745
0.0
0.0
0.6369
0.2023
0.0
0.0
-0.34
0.8555
-0.6596
0.9313
0.0
0.9231
0.0
0.3182
0.34
-0.7184
0.0
0.0
0.9077
0.0
-0.1027
0.8826
0.0
0.0
-0.1416
0.5719
-0.1027
0.0
0.0
0.0
0.743
0.0
0.0
0.5994
0.506
-0.5994
0.0
0.0
0.4314
0.6369
0.0
0.2225
-0.5994
-0.5574
-0.6249
0.9169
0.3612
0.8681
0.3939
0.0
0.0
0.6705
0.4486
0.2869
0.9576
0.93
0.0
0.4754
0.9066
0.9529
0.0
0.636
0.5574
0.0
0.5499
0.9976
0.2732
