-0.0516
0.0
0.0
0.7542
0.6996
0.8084
0.1027
-0.3182
0.0
0.0
0.8904
0.565
0.0
-0.3181
-0.0813
0.0
0.0
0.6808
0.8922
0.8091
0.0
0.357
0.0
0.0772
-0.4215
0.0
0.0
-0.34
0.0
-0.4588
0.0
0.565
0.0
0.0
-0.5994
0.0
0.0
-0.4588
-0.6486
0.0
-0.4939
0.9538
0.0
0.0
0.0
0.0
0.0
0.8969
0.0
0.5191
0.0
0.0
-0.6749
0.6384
0.0
0.0
0.0
0.0
0.0
0.0
0.3612
0.0
-0.3931
0.0
0.0
0.2732
0.0
0.0
0.0
0.0
0.0
0.0
0.0
0.5994
0.0
0.0
0.0
0.5106
0.0
0.0
0.0
0.0
0.0
0.8481
0.0
0.0
0.0
-0.4767
0.0
0.0
0.0
0.0
-0.6249
0.555
0.0
0.0
0.0
0.6696
0.0
0.6239
0.0
0.927
0.0
0.0
0.3612
0.0
0.0
0.0
0.0
0.0
0.5999
0.0577
-0.1481
-0.4314
-0.4939
0.0
0.0
0.0
0.6708
0.0
0.9312
0.6597
0.8266
0.8126
0.0
0.6114
0.0772
0.0
0.296
0.8762
0.0
0.9269
0.0
0.5615
0.0
-0.6908
0.0772
0.3612
0.0
0.7391
0.0
0.0
0.0
0.0
0.6723
0.3931
0.0
0.0
0.4215
0.0
-0.1581
0.7521
0.0
0.0
0.0
0.0
-0.0956
0.9143
0.0
0.5405
0.0
0.4767
0.0
0.0
0.0372
0.0
0.4019
0.0
0.5859
0.3612
0.3907
-0.5009
0.5106
0.0
0.0
0.0
0.0
-0.296
0.0
0.0
0.5859
-0.4767
0.0
0.0
0.4588
0.0
0.0
0.0
0.0
0.0
0.0
0.0
0.0
0.6369
0.2905
0.0
0.0
0.0
0.0
0.0
0.5859
0.0
0.4215
-0.2732
0.0
-0.5423
0.5158
0.0
0.9041
0.0
0.3612
0.0
0.2003
0.7443
-0.5086
0.0
0.296
0.4215
0.0
-0.1531
0.8858
0.0
0.0
-0.296
0.5859
0.4588
0.7412
0.0
0.0
0.0
0.4043
-0.4939
0.6503
0.0
0.0
0.4822
0.0
0.0
0.1073
0.0
-0.5719
0.4215
0.0
0.0
0.4939
0.0
-0.4939
-0.0772
0.565
0.765
-0.4767
-0.296
0.0
0.8316
0.0
0.5324
0.0
-0.4191
0.0
0.0
0.0
0.9409
0.0
0.743
0.0
0.0
-0.4567
0.0
0.0
0.4314
0.0
0.565
0.5106
-0.6851
0.2372
0.8037
0.7249
-0.4588
0.5106
0.0
0.2225
0.0
0.49
0.0
0.7479
0.5399
-0.5719
0.2556
0.0
0.0
0.0
0.0
0.8361
-0.4245
0.1159
0.0
0.0
0.0
-0.6145
0.0
-0.4404
0.0
0.0
0.3612
0.8271
0.565
0.0
0.0
0.0
0.0
0.0
0.3612
0.8127
0.0
0.8836
0.565
0.5859
-0.6249
0.0
0.0
-0.5904
0.5146
0.0
0.0
0.0
0.7783
0.7456
0.0
0.4939
0.0
0.0
0.2225
-0.5423
0.296
0.2225
0.0
0.6115
0.9388
0.0
0.6194
0.0
0.2225
0.6149
0.0
0.8027
0.0
-0.2787
0.3419
0.0
0.3939
0.1551
0.0
0.6616
-0.7415
0.9221
0.5719
0.3182
0.0
0.0
0.0
0.5209
-0.7312
0.5719
0.0
-0.2023
-0.5077
0.4153
0.0
0.4215
0.6742
-0.1877
-0.0258
0.0
0.0
0.3639
0.0
0.0
-0.5423
0.0
0.21
0.508
0.0
0.4574
0.6103
0.0
-0.3094
0.3612
0.0
0.0
0.0
0.4574
0.0
0.126
0.0
0.0
0.0
0.4199
0.0
0.0
0.0
0.8888
0.0
0.5859
0.0
0.6189
0.0
0.3393
-0.6351
0.0
0.5106
0.9164
0.0
0.9222
0.0
0.565
0.0
0.0
0.6369
0.9295
0.4284
-0.6696
-0.1068
0.0
-0.296
0.8292
0.0
0.6159
0.0
-0.1611
0.0
0.4696
0.0
0.4404
0.4314
0.5875
0.951
0.8763
0.0772
0.0
0.0
0.0
0.0
0.0
0.0
-0.2755
0.0
0.0
0.0
-0.6124
0.4404
0.0
0.5248
0.3612
0.5892
0.8038
0.0
0.908
0.0
-0.6269
0.296
0.0
0.0
0.0
0.0
0.0
0.8874
0.0
0.0
0.0
0.0
0.0
-0.2732
-0.5859
0.0
0.4389
-0.1513
0.128
0.9049
-0.0772
0.6706
0.0
0.0
0.0
0.0
0.1027
-0.34
-0.8286
0.0
0.7718
0.0
0.0
0.0
0.0
0.166
0.0
-0.1531
0.0
0.0
0.5719
0.4682
0.0
0.0
0.5562
0.0
0.0
0.0
0.0
-0.5267
0.0
0.0
0.0
0.2263
0.8522
0.9352
0.0
0.0
0.546
0.6182
-0.4926
0.8972
0.0
0.0
0.3612
-0.296
-0.3421
0.0
0.6739
0.2577
-0.5719
0.0
0.4456
0.4019
-0.4939
0.4588
-0.163
0.0
-0.0772
0.0
0.0
0.0
0.875
-0.5106
-0.4404
0.0
0.0
0.0
0.0
0.6103
0.3612
0.1551
0.5139
-0.2732
0.2565
0.6209
-0.1027
0.0
0.755
0.892
-0.452
0.7633
0.296
0.7208
0.4412
0.0
0.0
0.6884
0.4201
-0.4939
-0.539
0.0
0.0
0.6779
0.0
0.0
0.0
0.0
0.498
0.5859
-0.0628
0.2263
0.0
0.0
0.0
0.0
0.1311
0.0
0.918
0.6124
0.4986
0.0
0.0
-0.3182
0.0
0.0
0.1779
0.1115
0.9863
0.1027
-0.2263
0.0
0.5894
0.0
0.5106
0.7184
0.0
0.5423
0.0
0.296
-0.6124
0.9388
0.0
-0.0258
0.9712
0.3451
0.296
0.7717
0.0921
0.2225
0.0
0.0
-0.7047
0.3013
0.3995
-0.5504
0.0
0.0
0.0
0.4588
0.0
0.233
0.7184
0.7842
0.0
0.4153
0.6361
0.0
-0.3818
0.6792
-0.1955
0.0
0.0
0.3182
0.0
0.6962
0.8271
0.0
0.0
0.2042
0.0
0.0
-0.0772
0.0
0.3031
0.7316
0.25
0.7608
0.4314
0.3182
0.0
-0.6346
0.0
0.0
0.4588
0.0
0.0
-0.0258
0.5255
0.0
-0.1491
0.0
0.0
0.0
-0.2631
0.0
0.0
0.0
0.7446
0.0
-0.5267
0.0
0.5859
0.8178
-0.5574
-0.5859
0.3244
0.3891
-0.0857
0.0
0.0
-0.4215
0.2225
0.0
-0.4572
0.6031
0.2621
-0.5197
0.0
0.6369
0.0
0.8934
0.0
0.0
-0.5859
0.0
-0.296
0.0
0.0
0.0
0.0
0.0
0.6249
-0.296
0.0
0.0
0.5673
0.0
-0.4382
-0.1531
0.498
0.4153
0.0
0.0
0.0
-0.0772
-0.2732
-0.5598
0.8313
0.0
0.7717
0.0
0.7145
0.0
0.0
0.0
-0.0772
0.0
0.0
0.0
0.0
-0.4918
0.0
0.8287
0.0
0.0
-0.6249
0.0
0.565
0.0
0.5848
0.0
-0.3892
0.0
0.565
0.0
0.0
0.8568
0.5399
0.4314
0.0
0.0
0.8379
0.0
0.8074
0.0
0.0
0.8842
0.0
0.6067
0.0
0.6067
0.6067
-0.5574
0.0
0.0
0.0
0.0
-0.5209
0.0
0.0
0.5622
0.2225
0.0
0.9199
0.0
0.0
0.0
0.1491
0.4696
-0.3612
0.0
-0.2769
0.7879
0.0
0.6597
0.552
0.4215
0.0
0.6369
0.0
0.0
0.8822
0.0
0.0
0.0
0.0
-0.2732
-0.5255
0.0
0.4357
0.0
0.0
0.0
-0.1531
-0.2091
0.0
0.0
0.2732
0.0
-0.3595
0.0
0.4588
0.0
0.7485
0.6088
0.0
0.0
0.0
0.296
0.0
0.0
-0.7813
0.0
0.0
0.0
0.0
0.636
0.0
0.5082
0.0
0.6921
0.0
-0.3459
0.0
0.0
0.0
0.0
-0.5312
0.0
0.0
0.9072
0.6052
0.0
0.32
0.0
0.8035
0.0
0.936
0.0
0.0
-0.1119
0.7968
0.0
0.0
0.0
0.1311
-0.899
0.9169
0.4404
0.0
-0.4466
0.0
0.5827
0.0
-0.3875
0.0
0.0
0.0186
0.836
0.5324
0.0
0.5574
0.0
0.8283
-0.4537
0.0
0.0
0.0
0.0
0.0
0.0
0.0
0.0
0.4682
0.0
0.0
0.5994
0.3182
0.6884
0.0
0.0
-0.0772
0.0
0.4588
0.7652
0.0372
0.0
0.0
0.0
0.0
0.0
0.0
0.0
0.0
0.0
-0.2023
0.0
0.8972
0.5106
0.0
-0.4993
0.0
0.4939
0.6467
0.7253
0.4588
-0.3678
0.3612
0.7437
0.0
0.0
0.6461
0.0
0.0
0.0
0.0
0.0
0.0
0.6249
-0.0516
0.0
0.6671
0.6103
0.0
0.0
0.6909
0.0
0.0
0.0
0.0
0.0
-0.5719
0.0
0.0
0.0
0.5837
0.0
-0.7184
0.0
0.0
0.2732
0.5053
0.0
0.0
0.0
0.2924
0.0
0.0
0.0
0.0
-0.6319
0.9168
0.0
0.0
-0.7579
0.7041
-0.296
0.6194
0.0
0.1531
0.0772
0.7603
0.0
-0.25
0.4199
0.0
0.4588
0.6824
0.0
0.6289
-0.3612
-0.34
0.8613
0.0
0.0
0.0
0.0
0.9612
0.0
0.4939
0.6802
0.0
0.8188
0.0
0.0
0.6341
0.0
0.9691
0.4153
0.0
0.7351
0.0
0.0
0.0772
-0.3071
0.6124
0.0
0.2225
0.0
0.0
0.0
0.4153
0.6705
0.2905
0.0
0.0
0.0
0.0
0.0
0.7441
0.0
0.7521
-0.6369
0.4153
-0.25
0.2905
0.6481
0.0
0.0
0.9179
0.6919
-0.7909
-0.0772
0.0
0.0
0.0
0.0
0.0
-0.5106
0.0
-0.7579
0.914
0.0
0.0
0.0
0.0
0.0
0.7633
-0.0649
0.6608
0.0
-0.4019
0.0
0.0
0.4588
0.0
0.5719
0.0
0.0
-0.5423
0.7674
0.0
0.0
0.2225
0.0
0.2148
0.0
0.0
0.165
0.0
0.565
0.8676
0.565
0.2263
0.4215
0.0
0.0
-0.0772
0.0
0.0
0.6369
0.0392
0.7553
0.8249
0.9289
0.7918
0.3818
0.0
0.0
0.565
0.3578
-0.4114
0.0
0.0
-0.1144
0.0
0.3612
0.743
0.8645
0.0
0.0
0.4939
0.0
0.0
0.0
0.0
0.0
0.3244
0.0
0.0
0.0
0.0
0.0
0.2714
-0.4276
0.0
0.0
0.5673
-0.1301
0.0279
0.2225
0.0
0.922
0.5223
0.3612
0.8076
-0.2091
0.0
0.0
0.0
0.2235
0.6336
0.0
0.1551
0.4215
0.0
0.0
0.3753
0.6458
0.3612
0.0
0.0
0.8598
0.0
0.0
0.0
-0.1779
0.0
0.0
0.4019
0.0
0.0
0.0
-0.5719
0.0634
0.2225
0.0
0.0
0.0
0.0
0.8771
0.4939
0.3182
-0.1887
0.0
0.0
0.0
0.0
0.0
0.6606
0.0
-0.2755
0.0
0.7293
0.34
0.5274
0.0
0.0
0.0
0.6369
0.0
-0.6369
-0.9451
0.0
0.0
0.506
0.0
0.5093
0.0
0.6884
0.0
0.0
-0.2732
0.0
0.4207
-0.3382
0.0
0.4075
0.8478
0.0
0.0
0.6369
0.5859
0.8283
0.7944
0.0
0.7455
0.0
0.4215
0.0
0.0
0.1511
0.9468
0.4836
0.5719
0.3417
0.0
0.0
0.0
0.0
0.5719
0.0
0.7717
0.0
0.5719
0.4215
0.0
0.0
0.5859
0.0
0.0
0.8996
0.0
0.0
0.7464
0.0
0.8816
0.4019
0.0
0.0
0.0
0.3612
0.0
0.6654
-0.25
0.0
0.3058
0.3907
0.0
0.4939
0.6119
0.296
0.8329
0.0
-0.4404
0.2075
0.0
0.0
0.0
0.5972
-0.5007
-0.3612
0.0
0.0
0.0
0.3612
0.743
0.9824
0.565
0.0
0.0
-0.3818
0.0
0.6771
0.0
0.636
0.0
-0.1857
0.0
0.0
0.0
0.2023
0.1311
0.6742
0.0
0.5859
0.0
0.0
0.7835
-0.1987
0.0
0.0
0.0
0.0
0.0
0.8455
0.0
0.6776
0.2225
0.0
0.0
0.0
0.0
0.0
0.0
0.2225
0.2225
0.6742
0.0
0.0
0.7822
0.0
0.0
0.0
-0.0772
0.0
0.4153
-0.6428
0.0
0.3612
0.9874
-0.1531
0.4588
0.0
0.4215
0.4588
-0.6687
0.8893
0.0
0.0
0.0
0.0
0.4243
0.0
0.2023
0.0
-0.6607
0.0
0.1012
0.0
0.0
0.1551
0.0
0.0
0.0
-0.3931
0.0
0.0
0.0
0.6312
0.0
0.0
0.5719
0.9013
0.0
0.2677
0.0
0.0
0.0
0.4588
0.0
-0.5881
0.9193
0.0
-0.836
0.0
-0.0772
0.0
0.8555
0.0
0.0
0.0
0.0
0.0
0.0
0.0
0.0
0.983
0.8481
0.0
0.0
0.0
0.0
-0.4939
-0.2596
0.3339
-0.836
0.0
0.6249
0.3612
0.0
0.0
0.0
0.0
-0.5267
0.431
0.0
0.0
-0.2263
0.5587
0.0
0.0
0.0
0.4588
0.0
0.5764
0.0
0.7964
0.0
-0.1058
0.0
0.0
-0.5106
0.0
-0.5145
0.0
0.7605
0.0
-0.0516
0.0
0.8996
0.0
0.8192
0.0
0.0
0.0
0.0
0.1551
0.9931
0.0
0.4588
-0.3382
0.0
0.0
0.1027
0.8227
0.0
-0.3502
0.0
0.4588
0.3662
0.7891
0.7527
0.4939
-0.0823
-0.7506
0.7597
0.0
0.0
-0.3434
0.0
0.0
0.0
0.0
-0.4939
-0.4019
-0.1027
0.0
0.0
0.6124
0.0
0.0
0.0
0.636
-0.5719
0.0
0.0
0.0
0.0
0.916
0.0
0.0
0.9916
0.0772
0.8133
0.0
0.0
-0.2537
0.0
0.5538
0.7412
0.0
0.0
0.3182
0.0
-0.0577
0.0
0.0
0.0
0.4864
0.0
0.6696
0.7184
0.5859
0.0
0.0
0.9934
0.0
0.8286
0.0
0.0
0.0
0.4153
0.0
0.7184
0.7003
0.0
0.8017
0.0
0.7783
0.4215
0.0
0.0
-0.4019
0.0
0.5562
0.0
0.0
0.0
0.5574
0.5007
0.0
-0.7412
0.0
0.0
0.0072
0.5423
0.6124
-0.7096
-0.5267
0.0
-0.0516
0.0
0.7901
-0.7568
0.4019
0.0
0.4404
0.9178
-0.3485
0.0
0.34
0.0
0.0
0.0
0.0
0.6244
-0.1779
0.4153
-0.5423
0.0
0.1109
0.0701
0.985
0.0526
0.0
0.0
-0.6948
0.0
0.0
0.0
0.7795
0.7717
0.0
-0.3217
0.546
-0.5849
0.0
-0.2263
0.0
0.4753
-0.6637
0.0
0.0
0.0
0.0
-0.2824
0.4939
0.0
0.0
0.5209
0.0
0.0
0.0
0.2933
0.0
-0.182
0.7741
0.506
-0.2206
0.0
0.0
0.0
0.0
0.0
0.0
0.4374
0.565
0.4696
0.5106
0.1591
0.0
0.8339
0.8114
-0.5423
0.6776
0.0
0.4019
-0.0572
0.0
0.0
0.0
0.0
0.0
0.0
0.6307
0.2263
0.5538
0.0
0.565
0.4588
-0.031
0.8076
0.0
-0.5684
0.0
0.0
0.0
0.0
0.0
0.0
0.2396
0.0
0.4382
0.0
0.0
0.0
0.2225
0.0
0.0
0.7022
0.5951
0.0
0.0
0.4939
-0.4051
0.0
0.0
0.3875
0.0
0.4019
0.0
0.0
0.0
0.3612
0.565
0.0
0.0
0.0
0.125
0.4966
0.5242
0.7173
0.4153
0.0
0.3995
-0.5719
0.0
0.5538
0.0
0.0
0.0
0.0
0.0
0.5696
0.0
0.0
0.4404
0.1779
0.0
0.0657
0.0
0.8048
-0.2381
0.0
-0.6739
0.0
0.0
0.0
0.5591
-0.3182
0.0
0.7521
0.0
0.0
0.8969
0.743
0.7494
-0.3252
0.6486
-0.3612
0.4939
0.9893
0.0
0.5013
0.0
0.5859
0.0
0.2225
0.0
0.0
0.0
0.0
0.128
0.0
0.0
0.0
0.0
0.0
0.508
0.442
0.0
0.0
-0.5255
0.0258
0.5423
0.7962
0.2878
-0.128
0.9449
0.0
0.0
0.6115
0.0
0.3382
0.0
0.0
0.9949
0.841
0.0
-0.34
0.0
0.538
0.2263
0.3612
0.0
0.0
0.1451
0.0
0.4588
-0.34
0.6742
0.3408
-0.6571
0.0
0.0
0.0
0.0
0.2127
0.0
0.0
0.0
0.5267
0.0
0.0
0.3612
0.7752
0.0
0.0
0.5622
0.0
0.7412
0.0
0.0
0.0
-0.0516
-0.3182
0.1012
0.8769
0.0
0.8932
0.0
0.0
0.0
0.0
0.7125
-0.1027
0.9723
0.0
0.6412
0.5962
0.0
0.0
0.0
-0.3612
-0.1803
0.0
-0.5423
-0.2975
0.9325
0.0
0.9145
0.5095
-0.0772
0.0
0.0
0.7184
-0.2205
0.6444
0.0
-0.169
0.982
0.3818
0.565
0.0
0.8225
-0.1058
0.0
0.0
0.5852
0.6289
0.7869
0.9404
0.0
0.0
-0.296
0.0
0.0
0.4153
-0.067
0.7195
0.0
-0.5904
0.0
-0.5741
-0.296
0.6369
0.7142
0.0
0.296
-0.0772
0.0
0.4404
0.587
0.4215
0.0844
0.0
0.0
0.6166
0.0
0.0
0.7412
0.0
-0.124
0.0
0.0
0.6166
-0.1154
-0.4019
0.6486
0.0
0.0
0.3612
0.0
0.4404
0.0
0.0
0.0
0.953
0.5994
0.0
0.0
0.0
-0.4449
0.0
0.0
0.0
0.0
0.0
0.0
0.0
0.0
0.5106
0.0
0.0
0.264
0.0
-0.1531
0.0
0.9136
0.1531
0.7717
0.9558
0.7296
-0.0498
0.0
0.0
-0.3603
0.0
0.4359
0.0
0.9303
0.0
0.0
-0.6136
0.0
0.1351
0.0
0.4404
0.0
0.0
0.3612
0.0
0.0
0.296
0.0
-0.4019
0.8714
0.5719
0.4767
0.0
0.5719
0.6688
0.0
0.0
0.0
0.0
0.0
-0.5106
0.0
-0.4019
-0.1779
0.8555
0.0
0.0
0.0
-0.5859
0.0
0.0
0.3408
-0.4019
0.0
0.8561
0.0
-0.4101
0.0
0.0
-0.9337
0.8234
0.0
0.1551
-0.296
0.5106
0.0
0.0
0.0
0.0
0.0
-0.128
-0.743
0.0
0.0
0.7757
0.0
0.4802
0.4986
0.0
0.0
0.0
-0.6572
0.0
0.0
0.0
0.9583
0.2732
0.0
0.0
0.0
0.0
0.0
-0.3645
0.0
-0.3378
0.4019
-0.1491
0.7424
0.0
0.7351
0.0
0.0
0.0
0.5106
0.9531
0.0
0.5106
-0.1027
0.0
0.0
0.0
-0.1002
-0.296
0.0
-0.5423
-0.25
0.0
0.0
0.0
0.9281
0.0
0.0
-0.971
0.0
0.0
0.0
-0.5859
0.0
0.0
-0.7906
0.0
0.0
0.8917
0.0
0.738
0.0
0.0
0.498
0.3612
0.0
0.0
0.6114
0.0
0.565
0.9443
0.894
0.0
0.4215
-0.3875
0.8897
0.2732
0.0
0.2732
0.0
0.0
0.1739
0.2732
0.0
0.0
-0.2091
-0.4767
0.0
0.0
0.3612
0.0
0.0
-0.0516
0.8126
0.34
0.0
0.6742
0.0
0.0
-0.5732
-0.1779
0.9261
0.0
0.0
0.0
0.0
0.0
0.0
-0.7184
-0.2732
0.0
0.4767
0.0
0.0
0.0
0.6742
0.0
0.0
0.5267
0.4404
0.0
0.4291
0.4215
-0.5255
0.0
0.5368
0.0
0.4939
0.0
-0.34
0.0
0.565
0.0
0.5106
0.0
0.0
-0.3818
0.0
0.2003
0.0
0.1779
0.0
0.4404
0.0
0.0
0.0
0.0258
-0.4404
0.0
0.6298
0.0
0.0
-0.2584
0.0
-0.4019
0.2225
0.0
0.0
0.4215
0.4939
0.0
-0.6713
0.0
0.4939
0.0649
0.7412
0.1511
0.7412
-0.1955
0.0772
0.0
-0.5574
0.7412
0.4767
0.0
0.0
0.0
0.0
0.0
0.0
0.0
0.296
0.594
0.0
0.0
0.0
0.0
-0.3612
0.5719
-0.34
0.2263
-0.878
0.0
0.0
0.0
0.2491
0.0
0.0
0.0
0.0
0.4404
0.0
0.0
0.0
0.0
0.0
0.0
0.4242
0.0
0.0
0.0
-0.0299
0.5312
0.0
0.0
-0.3791
0.0
0.0
0.0402
0.0772
-0.4215
0.565
0.0
0.0
0.5374
0.5719
0.0
0.0772
0.0
-0.0299
-0.9768
-0.4404
0.0
0.0
0.0772
0.6739
0.0
-0.4767
0.0
0.5766
0.0
0.7003
0.1521
0.6121
0.0
0.0
-0.25
0.8802
-0.3612
-0.7845
0.0
0.0
0.4019
0.0
0.0
0.8007
0.0
0.0
0.25
0.0
0.0
0.7677
0.9413
0.0
-0.5055
0.0
0.4588
0.0
0.0
0.0
0.1098
0.0
0.0
0.0
0.0
0.4153
0.0
0.4588
0.0
-0.2905
0.0
0.5574
0.0
0.3004
-0.6597
0.0
0.4215
0.0
0.0
0.786
-0.3415
0.6696
0.5622
0.0
-0.3899
0.0
0.0
-0.3612
0.5859
-0.1779
0.0
0.4515
0.0
0.6742
0.0
-0.3818
0.6369
0.0
0.0
0.0
0.9019
0.4215
0.0
0.0
0.5951
-0.5574
0.0
0.6742
0.5574
0.7918
0.0
0.0
-0.5267
-0.5719
0.0
0.0
0.3612
0.3076
0.0
0.0
0.1655
0.0
0.8555
0.0
0.7256
0.0
0.0
0.0
0.0
0.4767
0.0
0.0
0.0
0.0
-0.1531
0.0
0.0
0.0
0.0
0.0
0.599
-0.122
0.0
0.5667
0.0
0.0
0.0
0.296
-0.812
0.0
0.0
0.0
0.3612
0.0
0.0
0.7592
0.0
0.0
0.0
0.0
0.0
-0.2732
0.0
0.0
0.0
-0.4549
0.0
-0.2263
0.0
-0.5719
-0.1331
0.4822
0.0
0.4404
0.0
0.9042
0.0
0.0
0.2556
0.0
0.0
0.0
0.0
0.9377
0.0
0.7806
0.0
-0.1955
-0.0494
0.0
0.0
0.0
-0.8713
0.0
0.0
0.0
0.0
0.0
0.7125
0.0
0.0
0.2263
0.0
-0.6597
0.0
0.0
0.0
-0.3058
0.0
0.0
0.0
0.0
0.0
0.0
0.4939
0.0
0.707
0.0
0.0
0.7996
0.0
0.6808
0.0
0.0
0.7574
0.0
-0.3875
0.0
-0.4767
0.0
-0.296
0.0
0.0
0.0
0.0
0.0
0.4404
-0.3098
0.565
0.0
0.0
-0.3076
-0.586
0.0
0.5719
0.3612
0.2225
-0.2732
0.0
0.765
0.0926
0.8771
0.0
-0.3182
-0.34
0.816
-0.6808
-0.0793
0.6684
0.0
-0.9264
0.0
-0.802
0.0
0.6532
0.0
0.0
-0.308
0.0567
0.4549
0.0
-0.5859
0.0
0.0
-0.372
0.0
0.0
0.0
0.0
0.4696
0.7096
0.0
0.0
0.0
-0.25
-0.4767
0.0
0.0
0.0
0.3412
0.0
0.4215
0.0
0.9791
0.0
0.2924
0.3612
0.0
-0.7443
0.0
0.0
0.6836
0.6083
0.0
0.0
0.0
0.0
0.0
0.0
-0.4019
0.1531
0.0
0.0
0.0
0.0
0.0
0.25
0.0
0.0
0.3612
-0.6908
0.0
0.4731
-0.5719
0.4404
0.0
0.8591
0.0
-0.3252
0.4753
0.5849
0.0
0.0
0.3612
0.8807
0.0
0.0
0.0
0.0
-0.4215
-0.2263
0.6679
-0.296
0.0
-0.0649
0.0
0.0
0.8682
0.0
0.0
0.0
0.4603
0.4767
0.4588
0.3408
0.8074
0.5242
-0.6723
0.0
0.4471
-0.6486
0.0
0.0
0.7458
0.3612
0.799
0.4404
0.0
0.0
0.0
0.4145
-0.067
0.2023
0.0
0.0
0.0
0.471
-0.3304
0.7269
0.0
0.4774
0.0
0.8192
0.8858
0.0
0.3612
0.0
0.0
0.0
0.0
0.0
0.9252
-0.4019
0.0
-0.6486
0.0
0.0516
0.944
0.0
0.0
0.4404
0.0
0.296
0.0
0.0
0.0
0.4902
0.0
0.504
0.0
0.3182
0.0
0.7131
0.784
0.0
0.0
0.0
-0.8225
0.0
0.0
0.0
0.8615
0.0
0.0
0.0
0.565
0.0
-0.4404
-0.5106
0.0
0.296
-0.3289
0.8544
0.0
0.7412
0.0
0.6848
0.0
0.0
0.2225
0.0
0.2225
0.0
0.0
0.0
0.0
0.0
0.5777
0.0
0.0
0.6771
0.0
0.9201
0.565
0.0
0.0
0.8498
0.0
0.0
0.8793
0.0
0.6771
-0.863
0.3031
0.8836
0.4215
-0.372
0.8913
0.0
-0.836
0.0
0.0
0.6124
0.5924
-0.3553
0.0
0.0
0.0
0.0
0.3612
0.2914
0.0
0.8555
0.4939
0.3182
0.0
0.0
0.0
-0.3412
0.4314
0.0
0.0
0.0
0.4588
0.0
0.7708
-0.4105
0.1926
0.9403
0.7424
0.0
0.0
0.128
-0.4295
0.0
0.7351
0.0
0.0
0.0
0.2129
0.0
0.0
0.5719
0.0
0.0
0.1695
0.0
0.4404
0.0
0.7007
0.0
0.0
0.7226
0.0
0.5095
0.0
0.0
0.4019
0.0
0.8984
0.0
0.795
0.0
0.0258
0.0
0.0
0.9451
0.0
0.9171
0.0
0.0
-0.3553
0.0
0.7467
0.9041
0.0
0.6369
-0.1027
0.0
-0.1719
0.0
0.0716
0.5719
0.0
0.5106
0.0
0.0
0.6958
0.6767
-0.5777
0.0
0.0
0.0
0.0
0.0
0.0
0.0
0.264
0.0
0.4588
0.7562
0.1421
0.0
0.565
0.0
-0.5106
0.5146
0.7243
0.0
0.0
-0.2846
0.34
-0.1955
-0.25
0.8878
0.0
0.0
0.7562
0.0
0.4767
0.0
-0.34
-0.0721
0.0
0.0
-0.2448
0.0
0.6369
0.4019
0.0
-0.7096
0.5538
-0.296
0.0
0.7371
0.0
0.0
0.0
0.8074
0.4075
-0.765
0.0
0.34
0.8201
0.0
-0.4767
0.4019
0.0
0.0
0.0
0.0
0.0
0.3182
-0.4795
0.0
0.0
0.0
0.0
0.0
0.0
0.0
0.0
0.0
-0.296
0.0
0.0
0.9371
0.0
0.0
0.4215
0.0
0.682
0.0
0.0
0.0
0.2023
0.4199
0.0
-0.296
0.4215
0.0
0.0
0.0
0.0
0.2263
-0.5429
0.0
0.2677
0.8828
0.3612
0.0
0.4826
0.6369
-0.6772
0.9445
0.0
0.0
-0.4767
0.6478
-0.3971
0.0
0.6562
0.0
0.703
0.2225
-0.4453
0.0
0.4404
-0.4767
0.7925
0.4314
0.1779
0.0
0.4588
0.0
0.5656
0.0
0.4215
0.0
-0.7163
0.7717
-0.6739
0.0
0.0
0.7096
0.2263
-0.5994
0.0
-0.4939
-0.5964
0.7996
0.8108
0.7455
0.0
0.6709
0.0
0.286
-0.8176
-0.5152
0.6398
0.0
-0.1541
0.0
0.0
-0.8355
-0.6486
0.2225
0.786
0.0
0.0
0.0
-0.0783
0.5707
0.6083
-0.4019
-0.4019
-0.4019
-0.0557
-0.4019
0.0
-0.4019
-0.4019
0.4767
0.4767
-0.7184
-0.296
0.0
0.0
-0.296
-0.296
-0.296
0.8291
-0.296
0.9705
0.0
0.0
0.0
0.0
-0.6739
0.4019
0.0
0.0
0.0
0.0
0.0
0.0
0.0
0.0
0.9044
0.0
0.6369
-0.4019
0.0
-0.4019
0.0
0.0
0.0
0.0
0.0
0.0
0.0
0.0
0.0
0.0
0.0
0.0
0.0
0.0
0.4404
0.0
0.0
0.7856
0.0
0.8269
0.0
-0.2969
0.4137
0.0
0.0
0.0
0.0
0.0
0.8885
0.0
-0.5423
0.0
0.0
0.5399
0.0
0.0
0.0
0.5924
0.9563
0.0
0.4588
0.2796
0.0
0.565
0.2805
0.0
0.0
0.4588
0.0
0.4939
0.9278
0.1759
0.0
0.0
0.8811
-0.34
0.0
0.6742
0.0
0.0
0.0
0.765
0.506
0.0
0.0
0.0
0.0072
0.0
0.0
0.0
-0.4019
0.0
0.4019
0.7059
-0.3794
0.0
0.0072
0.0
0.0
0.6052
0.0
0.5837
0.0
0.0
0.8625
0.5962
0.0
-0.296
0.1965
0.8477
0.4588
0.0
0.516
0.0
0.4926
0.0
0.0
0.0
0.0
0.0
0.0
-0.4767
0.0
0.0
-0.4019
0.0
0.0
0.1311
0.7906
0.0
0.6166
0.7579
0.0
0.0
0.0
0.2732
0.0
0.0
0.0
0.3612
0.0
0.0
0.0
0.2263
0.0
0.0
-0.2484
0.101
0.1877
-0.4404
0.0
0.0
0.9221
0.0
0.0
0.0
-0.3049
0.0
0.5413
-0.033
0.4215
0.0
0.706
-0.312
0.3182
0.0
0.6757
0.6739
-0.5423
0.8099
-0.6597
0.743
0.9919
0.0
0.0
-0.1656
0.0
0.4588
0.0
-0.4404
0.0
0.0
0.0
0.0
0.2283
-0.5255
0.0
0.0
0.0
0.546
0.6124
0.0
0.0
0.0
-0.3382
0.0
0.6369
-0.121
0.855
0.9947
0.0
0.4939
0.6825
-0.3182
0.8182
0.6597
0.0
0.6369
-0.8674
0.0
-0.296
0.0
0.3586
0.0
0.0
0.0
0.0
0.0
0.0
0.0
-0.5574
0.0
0.0
0.0
0.0
0.0
-0.1007
0.5859
0.0
-0.2958
-0.5859
0.0
0.0
0.8271
-0.296
0.2321
0.8365
0.0
0.25
0.4572
0.0
0.5766
0.4588
0.0
-0.409
0.9049
0.4939
0.8618
0.0
0.6369
0.4939
-0.3851
0.0
0.0
0.0
-0.5859
0.4019
0.7232
0.0
0.4523
0.0
-0.5859
0.0
0.0
0.0
0.7184
0.6948
0.0
0.0
0.0
0.5994
0.5696
0.5661
-0.296
0.0
0.2263
0.2732
0.0
0.7125
-0.2225
0.296
-0.7754
0.296
0.0
0.0
0.0
0.4153
0.8487
0.0772
0.7028
0.9361
0.5106
0.0
0.0
-0.2342
0.2225
-0.3612
0.0
0.4404
0.9241
-0.4617
0.5574
0.0
-0.296
0.0
-0.4404
0.0
0.0
0.0
0.0
0.8188
0.4019
0.0
-0.4404
0.0
-0.685
0.0
0.5615
0.0
0.3612
-0.3612
0.3612
0.0
0.0
0.0
0.0
0.5815
0.8661
0.8478
0.0
0.0
-0.296
0.0
0.5155
0.8306
0.5067
0.0
0.5191
0.3612
0.0
0.0
0.0
0.0
0.0
0.8751
0.0
0.0
0.5859
0.0
0.0
0.0
0.7973
0.0
-0.1561
0.8234
0.1421
0.0
0.0
0.34
0.0
-0.4767
-0.3804
0.0
0.0
0.0
0.7412
0.0
0.0
0.5777
0.7978
0.6369
-0.5423
0.9057
0.4404
0.0
0.1611
0.0
-0.1561
-0.7184
0.0
0.0
0.9407
0.0
0.0
0.0
0.3244
0.7092
-0.7906
0.0
0.0
-0.1665
0.0
-0.8235
0.0
0.0
0.0552
0.0
-0.1382
0.0
-0.6597
0.2225
0.0
0.5223
0.0
0.0
0.0
-0.5423
0.0186
0.5267
0.0
0.0
0.6486
-0.4939
0.0
-0.6584
-0.2732
0.8679
0.2225
0.0
-0.4939
-0.7184
0.7433
0.7219
0.565
-0.4939
0.0
-0.331
0.0
0.0
-0.1531
-0.25
0.0
-0.5106
-0.5423
0.0
0.565
0.3948
0.0
0.0
0.0
0.4261
0.0
0.0
0.0
-0.2263
0.0
0.6872
-0.5106
0.4215
0.1421
0.6912
0.4215
0.0
0.7003
0.0
0.0
0.7243
0.0
0.0
0.0
-0.7269
0.5719
-0.5574
0.6688
0.4215
0.0
0.0
0.0
-0.5719
-0.3612
0.0
0.0
0.0
0.25
0.0
0.7633
0.0
-0.1531
0.674
0.836
0.0
0.0
0.0
0.7599
0.0
-0.5106
0.4986
0.0
0.5106
0.7372
0.6606
0.6249
0.3623
0.7978
0.4404
0.0
-0.4003
0.0
0.0
0.0
0.0
0.0
0.0
0.2023
0.3182
0.4404
0.0
0.0
0.0895
0.2263
0.0
0.0
0.0
0.4404
-0.5184
0.9662
-0.6369
-0.7355
0.0
0.4588
0.0
0.0
0.0
0.6166
0.3612
-0.3695
0.0
0.6688
0.6808
0.0
0.4153
0.4753
-0.6705
0.0
0.7739
0.0
-0.25
0.0
0.0
0.546
0.8765
0.0
0.0
-0.162
0.0
0.0
-0.4939
0.0
0.0
-0.4019
0.0
0.4314
0.0
0.3182
0.4215
0.0
-0.7783
0.0
0.0
0.0
0.4215
0.0
0.0
0.4199
0.7887
0.0
0.4588
0.4939
0.0
0.0
0.4153
0.0
0.0
-0.1007
0.0
0.0
-0.6499
0.3612
-0.4939
-0.1779
0.0
0.3612
0.4802
0.6597
0.0
0.0
-0.6331
0.7195
0.0
0.0
0.128
-0.6597
0.2225
-0.4215
0.4959
0.0
0.5999
0.0
0.7096
0.0
0.5368
0.0
0.7269
-0.2183
0.0
0.0
0.0
0.0205
-0.2705
0.0
0.0
-0.296
0.0
0.6514
0.969
-0.7908
0.8477
0.7964
-0.5423
-0.4215
0.0
0.6124
0.0
0.9459
0.0
0.3182
0.3182
-0.4404
-0.2263
0.0
0.0
0.0
-0.2732
0.2815
-0.8225
0.0
0.0
0.34
0.0
0.0
0.4588
0.9938
-0.7371
0.0
-0.1638
0.0
0.0
0.0
0.0
0.0
0.0
0.0
-0.4767
0.0
-0.3412
0.0
0.0
0.0
-0.4767
0.0
0.4153
0.0
0.3612
0.0
0.0
0.6776
0.0
0.0
-0.4404
0.0
-0.25
0.0
-0.2732
0.0
0.0
0.5466
0.0
0.4588
0.0
0.9155
-0.0772
0.0
0.0
0.8739
0.0
0.0
0.0
-0.4939
0.0
0.0
0.2621
-0.6124
-0.0772
-0.162
0.4215
0.6149
0.0
-0.2023
0.0
0.0
0.0
0.0
0.0
0.1779
0.5719
-0.4939
-0.34
0.0
0.6808
0.0
0.0
-0.0956
0.2225
0.5859
0.0
0.8076
0.6358
0.9258
0.4767
0.2263
0.4215
0.8674
0.743
0.0
0.0
0.8122
0.7506
0.0
0.0
0.4329
0.6031
0.0186
-0.2302
0.6705
-0.4215
-0.2263
-0.2612
0.0
0.0956
-0.1531
0.0
0.6671
0.6046
0.7206
-0.7964
0.694
0.0
-0.4939
0.128
0.705
-0.5653
0.9609
0.4314
0.3612
0.9455
0.3408
0.4588
0.0772
0.0
0.1551
0.0
0.0
-0.3818
0.0
0.0844
0.0
0.5204
0.7073
0.4314
0.0
0.1551
0.0
0.0
0.0361
0.5859
0.4215
0.0
0.0
-0.1665
0.0
-0.4939
0.8626
0.0
0.0
0.0
0.0
0.4574
0.0
0.0
0.0
0.7402
0.0
0.0
0.0
0.6454
0.0
0.587
0.2225
0.4215
0.0
0.0
-0.351
0.7028
0.0
0.0
0.6723
0.0
0.0
0.7542
0.5538
0.0
0.0258
0.0
0.0
0.0
0.9265
0.0
-0.3182
0.8093
0.0
0.6697
0.0
0.6571
0.0
0.0
0.6369
-0.2732
0.8519
0.0
0.2225
0.0
0.7283
0.8942
0.2225
0.5574
0.5644
0.0
-0.2951
0.4153
0.565
0.5023
0.8598
-0.296
0.7506
0.0772
0.8498
0.0
-0.7345
0.0
0.0
0.6249
-0.4019
0.0
0.7579
0.0
-0.4003
0.1441
0.3987
-0.3794
0.0
0.7717
0.0
0.6351
0.0
0.0
0.8655
0.3818
0.0
0.7125
0.0
0.6369
-0.5994
0.2225
0.0
0.3687
0.0
0.0
0.0
0.6124
0.0
0.0
0.0
0.0
0.5924
0.4731
0.0
0.4215
0.8507
0.0
0.9022
0.0
0.0
0.7717
0.0
-0.1451
0.3612
0.5719
0.0
0.867
0.0
0.2225
-0.5719
0.624
0.0
0.4019
0.5106
0.2732
0.0
0.2225
-0.4215
0.5859
-0.3173
0.565
0.0
0.8978
0.0
0.4153
0.7412
-0.296
0.4939
0.0772
-0.5423
0.4983
0.7858
0.0
0.0
0.4588
0.9055
0.0
0.0
0.0
0.0
0.0
0.0
0.6369
-0.5859
0.0
0.4153
0.0
0.0
0.2225
-0.3182
0.0
-0.3182
0.0
0.0
0.0
0.0
0.4404
0.2477
-0.2235
0.4871
0.602
0.0
0.0
-0.0854
0.7704
0.0
0.0
0.0
0.0772
0.3374
0.0
0.6369
0.0
0.0
0.4939
0.6808
0.0
0.0
0.0
0.6369
0.0
0.8481
0.3612
-0.3603
0.0
0.8313
0.0
0.8936
0.0
-0.0258
0.4486
0.9465
0.0
0.4404
0.0
0.0
0.0
0.7896
0.0
0.0
0.8286
0.0
0.0
0.5859
0.0
0.0
0.6124
0.0
0.0
0.0
0.0
-0.1109
0.3182
0.0
0.0
0.0
0.2732
-0.17
-0.5106
0.5798
0.0
0.4019
-0.296
0.0
0.0
0.0
0.1311
0.5719
0.1779
0.0
-0.5859
0.0
-0.1531
0.0
0.0
0.8421
-0.3612
0.0
0.6124
0.2225
0.6454
0.565
0.0
0.7805
0.6486
0.9485
0.0
0.4215
0.0
0.0
0.0
-0.2465
0.0
0.5236
0.0
0.5106
0.0
0.0
0.0258
0.0
-0.4019
0.0
0.8669
-0.4767
0.0
0.941
0.0
-0.0516
-0.3553
0.0
0.0
0.2225
0.0
0.0
0.0
0.9096
0.4215
0.8598
-0.3612
0.0
0.0
0.2225
-0.5423
0.8408
0.7096
0.5106
0.7437
0.0
0.0
0.0
-0.4003
0.0
0.3348
0.0
0.4075
0.9442
0.0
0.4215
0.0
0.0
0.0
0.743
0.7845
0.4404
0.0
-0.4753
0.0
-0.5719
0.5106
0.0588
0.0
0.0
0.0
0.565
0.1365
0.1926
0.3244
-0.6486
0.0
-0.5994
0.0
0.506
0.0
0.0
0.8306
-0.5267
0.4404
0.5719
0.3612
0.7762
0.6792
-0.5463
0.0
0.4767
0.0
0.0
0.0
0.6103
-0.0402
0.4215
0.6369
0.4153
0.5777
0.2225
-0.3956
-0.5417
0.0
0.0
0.0
0.0
-0.0608
0.8784
0.0
0.0
0.0
0.0
0.7838
-0.4767
-0.1779
0.0
0.0
0.0
0.823
0.6503
-0.25
0.0
0.0
0.0
0.0
0.0
0.5719
0.4404
0.2905
0.3915
0.0
-0.2732
0.2732
0.0
0.0
0.1578
0.0
0.6369
0.5766
0.0
0.0
-0.3595
0.0
0.0
0.0
0.6369
0.0
0.0
0.0
0.0
0.0
0.0
0.34
-0.874
0.0
0.587
0.0
0.0
-0.2577
0.4153
0.4215
0.0
0.0
-0.5919
0.4082
0.0
0.7092
0.0
0.0
0.0
0.0
0.7374
-0.2031
0.2686
0.0
0.4588
0.0
0.0
0.0
0.4404
0.0
0.6369
0.0
0.4215
0.3612
0.5994
0.0
-0.5106
-0.5983
0.8056
0.0
0.0
0.0
-0.3595
-0.4939
0.0
0.7589
0.0
0.0
0.1551
0.0
0.0
0.0
0.5994
0.0
-0.296
0.0
0.0
0.0
0.0
-0.3645
0.4404
0.0
-0.1779
0.0
0.7306
0.4588
-0.8625
0.0
0.1027
0.0
0.4215
0.9539
-0.743
-0.8625
0.4689
0.4314
0.0
0.0772
0.6369
0.0772
-0.2969
0.0
0.5904
0.186
-0.5719
0.0772
0.0
0.9585
0.49
0.0
0.0
0.0
0.3612
0.0
-0.8625
0.0516
-0.506
0.4215
0.0
0.0
0.3612
0.0
-0.1531
0.0
0.0
-0.0669
0.0
0.0
0.0
0.0
0.0
0.0
0.0
0.0
0.0
0.0
0.0
0.0
0.0
0.0
0.0
0.0
0.0
0.0
0.0
0.0
0.0
0.0
0.0
0.0
0.0
0.296
0.0
0.8169
0.0
0.0
0.5859
0.8478
-0.4767
0.0
0.0
0.0
0.8732
0.0
0.0
-0.296
0.0
0.0
0.296
0.0
0.0
0.0
0.8788
0.0
0.0
0.3071
0.0
0.4215
0.0
0.0
0.0
0.0772
0.0
0.4019
-0.0341
0.0
0.8341
0.5095
0.0
0.6759
0.7592
0.0
0.6229
0.0
0.0
0.0
0.8513
0.0
0.0
-0.538
0.0
0.128
0.7156
0.0
0.0
-0.3382
0.0
-0.4767
0.9182
-0.4648
0.9609
0.0
0.0
0.5574
0.5466
0.4137
-0.4767
0.1779
0.0
0.6166
0.4404
0.0
0.0
0.6841
0.703
0.8591
0.5409
0.5719
0.0
0.0772
-0.4019
0.8787
0.0
0.0
0.0
0.0
0.0
0.0
0.0
0.5859
0.0
-0.3612
0.0
0.0
0.0
0.0
0.0
0.4588
0.0
0.0
0.4019
-0.7828
-0.5964
-0.3455
0.0
0.0
0.0
0.0
0.0
0.0
0.0
-0.34
0.0
0.5134
0.0
0.0
0.0
-0.5678
0.0
0.0
0.6037
0.5208
0.2732
0.0
0.0
0.0
-0.2406
0.0
0.0
0.0
-0.2628
0.0
0.0
0.0
0.0
0.0
0.5615
0.0
0.0
0.0
0.5538
0.0
0.6472
0.0
0.4802
0.0
0.0
0.0
0.0
-0.1531
0.0
0.0
0.0
-0.3818
0.0
0.0
0.0
0.0
-0.7964
0.0
0.4588
0.0
-0.7886
0.9619
0.0
-0.2732
0.0
0.0
-0.1769
0.0
0.0
0.0
0.0
0.0
0.0
0.0
0.0
0.0
0.0
0.2225
0.0
0.0
0.8339
0.0
0.2225
0.5831
0.0
0.0
0.0
0.2396
0.0
0.0
0.0
0.9248
0.0
0.0
0.0
0.4404
0.0
0.4574
0.0
0.0
0.0
0.4588
0.0
0.0
0.5466
0.0
0.0
0.0
0.0
0.4153
-0.7385
0.0
0.9368
0.0
0.0
0.6101
0.0
0.0
0.4168
0.0
0.0
0.0
0.0
0.0
0.0
0.0
0.0
0.0
0.0
0.0
0.0
0.0
0.2225
0.7096
0.0
0.0
0.0
0.2547
0.0
0.6369
-0.3802
0.0
0.7269
0.0
0.0
0.6486
0.0
0.6517
0.0
0.0
0.0
0.4456
0.0
0.0
0.0
0.0
0.0
0.0
0.565
0.4774
0.0
0.0
0.2191
0.565
0.0
0.3244
0.34
0.0
0.4588
0.0
0.0
0.0
0.0
0.0
0.0
0.0
0.0
0.0
-0.5267
-0.296
0.0
0.2591
0.7783
0.0
0.0
0.6517
0.0
0.0
0.0
0.0
0.0
0.9433
0.0
0.0
0.0
0.0
0.7521
0.0
0.0
0.0
0.0
0.2225
0.0
0.0
0.0
0.6958
0.7121
-0.3553
0.5204
-0.2732
0.9852
0.264
0.0
0.9502
0.9737
0.4404
0.0
0.6973
0.0
0.5589
0.0
0.4215
0.0
0.4956
0.0
0.9967
0.0
0.0
0.0
0.0
0.6705
0.4168
0.0
0.0
0.0
0.0
0.0
0.0
0.0
0.1779
0.0
0.0
0.6992
0.0
0.0
0.0
0.0
-0.2023
0.0
-0.5859
-0.3612
0.3612
0.0
0.0
0.0
0.5267
-0.6571
-0.5129
-0.121
0.0
0.4199
0.5274
0.0
0.0
0.0
0.7988
0.0
0.4836
0.7184
0.0
0.0
0.4655
0.0
0.0
0.0
-0.4588
0.8306
0.0
0.0
-0.3612
0.0
-0.4404
0.0
0.0
0.0
-0.2057
0.0
0.0
0.0
0.25
0.9554
0.0
-0.2942
0.0
0.6908
0.852
0.5423
-0.5267
0.5499
0.0
0.0
0.3502
0.0
0.5423
0.0
0.2225
0.5423
0.0
0.0
-0.3979
0.7813
0.7562
0.0
0.0
0.0
-0.4404
0.0
0.6931
0.4314
0.7125
0.0
0.6796
-0.5719
0.0
0.0
0.0
0.0
-0.5719
0.4843
0.0
-0.4019
-0.1531
0.0
-0.7269
0.7355
0.0
0.0
0.0
-0.68
0.0
0.0
0.1441
0.0
0.0
-0.5106
0.0
0.0
0.3182
0.0
-0.5423
-0.0845
0.0
0.9725
0.0
0.0
0.5106
0.2216
0.4215
0.0
0.0
0.0
0.0
0.0
0.0
0.6269
0.0
0.0
0.0
0.0
0.0
0.0
0.812
0.4588
0.5951
0.87
0.0
0.0
-0.5719
0.0
-0.3612
-0.1759
0.0
0.0
0.4767
0.0
0.0
0.8555
0.2225
0.8584
0.0
0.8598
0.9481
0.4753
0.7449
0.0
0.0
0.4215
0.0
0.823
0.0
0.4215
0.0
0.0
0.0
0.5951
-0.6705
0.0
0.0
0.0
0.276
0.9874
0.0
0.0
0.5538
0.4314
-0.4019
0.0
0.0176
0.0
0.0
0.0
0.0
0.0
0.0
0.4153
-0.8958
-0.5423
0.0
0.0
0.0
-0.2244
0.4696
0.0
0.0
0.7858
0.0
-0.0823
0.5293
0.6904
0.3728
0.0
-0.3818
0.0
0.0
0.0
0.0
0.0
-0.4767
0.0
0.9049
0.0
0.8436
0.7783
0.4404
0.7845
0.1601
0.0
-0.4767
0.3612
0.7052
0.0
0.0
0.6369
0.0
0.686
-0.4824
0.7185
0.9329
0.6351
0.0
0.4215
0.0
0.0
0.0
0.0
0.4588
0.0
0.128
0.0
-0.2905
0.3451
0.0
0.0
0.0
0.8044
0.6726
0.3493
0.7985
0.0
0.5556
0.0
0.0
0.0
0.0
-0.5499
-0.2411
0.8
0.0
-0.5323
0.0
0.565
0.0
-0.4767
0.9734
0.4153
0.6219
-0.7514
0.0
0.7479
-0.1027
0.0
0.2225
0.7242
0.8489
0.9403
0.0
0.0
0.0
0.0
0.0
0.5897
0.7556
0.0
-0.0772
0.0
0.9095
0.0
0.7437
0.0
0.0
0.0
0.4215
0.0
-0.296
0.0
0.0
0.0
-0.5423
0.0
0.783
0.0
0.0
0.0
0.4404
0.3182
0.7636
0.0
0.6369
0.7845
-0.0762
0.0
0.743
0.0
-0.5574
0.0
-0.372
0.3041
-0.6478
0.5386
0.0
0.0
-0.1779
0.0
0.6062
0.0
-0.4005
0.0
0.565
0.0
0.0
0.2856
0.8598
0.0
0.3182
-0.0823
-0.2002
-0.2273
0.0
0.6476
-0.5386
-0.1581
0.9396
0.8213
0.8295
-0.3252
-0.0823
0.5859
0.0
-0.5267
0.6369
0.7003
0.0
-0.296
0.0
0.0
0.0
0.0
0.0
0.2225
0.2649
0.0
0.0
0.0
0.0772
0.9949
0.0
0.5274
0.8822
0.2783
0.5368
0.0
-0.3384
0.7096
0.0
0.6115
0.0
0.6369
0.0
0.0
0.0
0.4207
0.0
0.0
0.0
0.0
0.0
0.3182
0.0
0.0
0.0
0.6103
-0.2537
0.0
0.0
0.0772
0.0
0.0
0.0
0.5972
0.4574
0.894
0.0
0.0
0.8395
0.4767
0.0
0.7906
0.0
0.0
0.7562
0.4215
0.0
0.7701
0.0
0.1132
0.0
-0.0258
0.0
0.0
0.4404
0.0
0.0
0.0
0.0772
-0.5423
0.6369
0.3612
-0.555
0.6742
-0.6486
0.6988
0.5191
-0.0124
0.5113
0.8598
-0.0341
0.3442
-0.1531
0.4559
0.0
0.0
0.8463
0.4588
0.0
0.0
0.0
0.0
0.0
0.0
0.0
-0.0956
0.0
0.0
0.0
0.0
0.0
0.0
0.0
-0.0186
0.0
0.3252
-0.3058
-0.4767
0.0
0.0
0.0
0.0
0.0
0.0
0.5713
0.0
0.0
0.4153
-0.3058
0.4019
0.0
0.7725
0.0783
0.1531
0.0
0.5707
0.0
0.6909
0.0
0.0
0.0
0.0
0.0
-0.0572
0.0
-0.4404
0.0
0.2225
-0.3182
0.0
0.586
0.0
0.1965
0.4153
0.0
0.9359
0.0
-0.3182
0.0
-0.6165
-0.5633
0.3931
0.0
0.506
0.0
0.0
0.0
0.0
0.0
0.4052
0.0
0.0
-0.4003
0.0
0.3244
-0.2235
-0.3182
-0.5859
0.7363
0.5106
0.0
0.0
0.0
0.0
-0.4588
0.7351
0.0
0.0495
-0.0516
0.8877
0.0
-0.0516
0.4215
0.0
0.4588
0.3818
0.0
0.0
-0.3182
0.0
0.0
0.3724
0.0
-0.4508
0.0
0.0
0.0
-0.2732
0.0
0.0
0.0
0.5963
0.9567
0.0
0.0
0.4939
0.0
0.9221
0.0
0.0
0.0
0.0
0.0
0.0
0.4314
0.9149
0.4794
0.0454
0.3612
0.0
0.0
0.264
0.0
0.0
0.0
0.0
0.0
0.0
0.0
0.0
0.5621
0.2382
-0.539
0.0
0.0
0.0
0.0
-0.21
0.743
0.0
0.0
0.9074
0.4137
0.0
0.9157
0.0
-0.1341
0.0
0.0
0.0772
0.0
0.0
0.6977
0.0
0.0
-0.1129
0.0
0.9651
0.0
0.0
-0.656
0.0
0.0
0.0
0.0
0.9392
0.4153
0.8217
0.0
-0.357
0.0
0.0
0.0
0.8313
0.0
0.0
0.0
0.128
0.8313
0.0
0.8313
0.6739
0.8313
0.6369
0.0
0.128
0.8227
0.0
0.0
0.0
0.8145
0.0772
-0.6958
-0.2732
-0.3384
0.0
0.0
0.0
0.836
0.1551
0.0
-0.1706
0.7243
0.0
-0.3612
0.5106
0.0
0.0
0.4153
0.4939
0.0
0.0
0.0
0.5994
0.3597
0.6004
-0.3182
0.0
0.0
0.4767
0.5574
0.5924
0.3182
0.0
0.0
-0.7936
0.0
0.7243
0.0
0.1311
-0.0083
0.5106
0.6369
0.0
0.0
0.6369
0.0
0.7862
0.0772
0.5562
-0.296
0.0
-0.2047
0.1551
0.4404
0.8598
-0.0823
0.0
0.8313
-0.296
0.0
0.0
0.0
0.0
0.0
0.0
0.0
0.0
0.0
0.0
0.4314
0.3045
0.0772
0.4486
0.0
0.0
0.4939
0.7542
0.3612
0.6705
0.8984
0.926
0.386
0.3612
0.3612
0.0
0.582
0.4153
0.8478
0.0
0.0
0.0
0.0
0.4019
0.1551
0.8967
0.0
0.0
0.0
0.2273
0.0
0.0
0.5994
0.8687
0.0
0.0
0.4588
-0.296
0.0
-0.1759
0.5538
0.0783
0.4537
0.1531
0.0
0.0
0.0
0.6958
0.0
0.0
0.0
0.0
0.9438
0.3818
-0.4344
0.0
0.0
0.0
0.0
0.9571
0.0
0.1808
0.4404
0.8217
0.3818
0.4588
0.0
0.7306
0.7716
0.0
0.6317
0.4692
0.0
0.4588
0.0
0.0
0.3612
0.7088
0.9618
0.565
0.6909
0.0772
-0.3384
0.0
-0.3595
0.0
0.8269
0.4939
-0.8062
0.1421
-0.1759
0.4809
0.0
0.508
0.565
0.5139
0.0
0.0
-0.4215
0.0
0.0
0.0
0.0
0.0
0.4215
0.0
0.5994
-0.4405
0.0
0.0
0.6124
0.0
0.0
0.5106
0.8225
0.5267
0.0
0.0
0.0
0.4939
0.0
-0.0041
0.1926
0.3931
0.0
0.0
0.0
0.7243
0.0
0.5139
0.0
0.2869
0.9132
0.0
0.0
0.0
-0.2732
0.0
0.9496
0.0
0.0
0.0
0.8174
0.9212
0.0
0.0
0.0
0.0
0.1838
0.0
-0.34
-0.1531
0.601
0.0
0.3182
0.5267
0.1867
0.0
0.0
0.0
0.0
-0.7351
0.4939
0.12
0.9016
0.296
0.9346
0.0
0.0
0.8082
0.0
0.0
0.0
0.0
0.0
0.0
-0.9196
0.0
0.0
0.0
0.0
0.0
0.0
0.8309
-0.2464
0.4871
0.2225
-0.7351
0.0
0.0
0.0
0.8453
0.2225
0.7622
0.3612
-0.4021
0.0
0.0
0.8228
0.0
0.5859
0.2225
0.5255
0.565
-0.5423
0.0
0.0
0.0
0.8731
0.4215
0.6597
0.2263
0.7903
0.7246
0.0
0.2225
-0.7399
0.0
0.0
0.0
0.7901
0.0
0.0
0.0
-0.4993
-0.8607
0.7099
0.7939
-0.5859
0.0
0.8971
0.5113
0.9243
0.4215
0.1491
0.4184
-0.5267
-0.34
0.0
0.0
-0.296
0.0
0.0
0.0
0.8877
0.0
0.0
0.0
0.4703
0.0
0.0
0.0
0.0
0.9023
0.0
0.0
0.6369
0.6369
0.474
0.0
0.0
0.0772
0.0
0.0
0.0
0.0
0.4019
0.8293
0.8271
0.4199
-0.5859
0.2565
0.3612
0.6369
0.9102
0.0
0.0
0.8798
0.0
0.4291
0.2263
0.0
-0.2942
0.658
0.6124
0.1828
0.0
0.0
0.7592
0.0
0.0
0.4767
0.0258
0.3612
0.2905
-0.5719
0.2263
0.0
-0.6486
0.0
0.0
0.0
0.0
0.0
0.0
0.0
0.5924
0.4215
0.0
0.1411
0.0
-0.4588
0.0
0.0
0.7249
0.4829
0.0
-0.4885
0.0
0.0
-0.5574
0.4153
0.0
0.0
0.0
0.9333
0.7208
0.8477
0.0
0.0
0.0
0.0
0.4019
0.0
-0.5859
0.0
0.6114
-0.3612
-0.1027
-0.6884
0.0
0.3612
0.0
0.0
0.0
-0.5859
0.1027
0.0
-0.4215
0.4898
0.0
0.0
-0.0772
0.0
0.0
0.4404
-0.5423
0.0
0.0
0.0
0.7263
0.9703
0.8575
0.4404
0.0
0.6114
0.3612
0.34
-0.4767
0.7731
0.6088
0.0
0.0
0.0
0.9878
0.8677
0.0
0.5719
0.5274
0.0
0.8975
0.5093
0.0
-0.4404
0.0
0.4912
0.0
0.2225
0.0
-0.6705
0.0
0.0
0.0
0.0
0.0
0.4667
0.9916
0.9819
0.0
0.6264
0.0571
0.0
-0.1531
0.0
0.0
0.9903
0.6476
0.0
0.0
0.0
0.0
0.0
0.6369
0.0
0.0
-0.4374
0.8858
0.2235
0.0
-0.4215
0.8822
0.5023
0.0
-0.4019
-0.3274
0.0
0.0
-0.1719
0.0
0.7243
0.0
0.0
0.0
0.0
0.8542
0.0
-0.3553
0.0
0.765
0.4767
0.2292
0.0
0.0
-0.34
0.5644
0.0
0.2896
0.0
-0.2003
0.5466
0.0
0.0
0.0
0.6988
0.924
0.8807
-0.4215
-0.4404
0.0
0.3182
-0.4588
-0.5414
0.0
0.7906
0.0772
0.0
0.5913
0.2144
0.2971
0.0
0.6249
-0.34
0.5093
0.2686
-0.6739
0.0
0.0
0.0
0.4404
0.0
0.4153
0.4588
0.8509
0.4207
0.0
0.0103
0.0
0.4019
0.0
-0.0557
0.0
0.0
0.0
0.4588
0.0
0.0
0.4404
0.0
-0.0114
0.4404
0.851
0.0
0.0
0.0
-0.4404
0.5812
0.0
0.6597
0.7562
0.3834
0.0
0.4404
0.0
0.0
0.0
0.9015
0.0
0.0
0.0772
0.0
-0.0129
0.6575
-0.4019
0.0
-0.0918
0.2732
0.1027
0.0
0.0
0.0
0.0
0.0
0.9498
0.0
0.5719
0.7273
0.0
0.0
0.0
0.4767
0.0
0.8941
0.0
-0.5574
-0.34
0.4215
0.0
0.0
-0.2728
0.0
0.0
0.0
-0.4836
0.5405
0.8704
0.0
0.4019
-0.5707
0.0
0.0
0.2325
0.865
0.0
0.0
0.7232
0.4215
0.0
-0.6549
0.836
0.0
0.0
0.5656
0.0
0.0
0.0
0.34
0.0
0.5067
0.7184
0.8316
0.6486
0.7312
-0.296
0.1965
0.0
0.7717
0.1098
-0.6249
0.9678
0.1847
-0.6486
0.0
0.0
0.1511
0.0
0.0
0.3915
0.0
0.0
-0.3384
0.0
0.0
0.6776
0.0
0.0572
0.7273
0.5538
0.0
0.0
0.0
0.1048
0.0
0.4926
0.0
0.5067
0.0
0.0
0.636
0.8316
0.0
0.7582
0.0
0.0
0.0
0.565
0.5972
0.9067
0.4588
0.7783
0.0
0.0
0.0
0.0
-0.5719
0.0
0.4153
0.5405
0.0
-0.3412
0.4106
0.0
0.8093
0.1318
0.0
0.0
0.0
-0.5719
0.0
0.6393
0.0
-0.4724
0.0
0.0
-0.4939
-0.4019
0.0
0.4412
0.0
0.8047
-0.7003
0.0
0.9544
-0.357
0.3687
0.6988
0.0
0.0
0.6388
0.0
0.3612
0.0
0.0
0.9508
-0.6486
0.5538
0.5267
0.982
0.0
0.0
0.0
0.1546
0.4588
0.0
0.5924
-0.2052
0.0
0.7096
0.0
0.0
0.0
0.0
0.0
0.0
0.0
0.0
0.0
0.0
0.4767
0.32
0.6742
-0.3182
0.0
0.0
0.0
0.2732
0.0
0.5687
0.4199
0.0
0.8881
0.0
0.0
0.0
0.0
0.0
0.0
0.0
0.5411
0.0
-0.775
0.0
0.6062
0.4404
0.0
0.5913
-0.0495
0.0
0.3182
0.0
0.0
0.0
-0.3208
-0.8481
0.0
-0.3182
0.0
0.0
0.0
0.0
0.0
0.5466
0.0
0.0
0.0
0.5106
0.2235
0.0
-0.743
0.0
0.0
0.0
0.0
-0.9686
0.0
0.0
0.7125
0.0
0.7717
0.1179
0.0
0.0
0.0
0.0
0.4404
0.0
0.3802
0.0
0.0
-0.4299
0.8593
0.0
0.0
-0.3182
-0.4753
0.6369
0.5951
0.5197
0.0
0.8316
0.0
0.2225
0.9108
0.296
0.5267
0.0
0.0
0.0
0.4588
0.886
0.0
-0.2732
0.0
0.0
0.0
0.0
0.0
0.0
0.5954
0.7371
0.7125
0.0
0.0
0.0
-0.6662
0.4939
0.0
0.0
0.0
0.9049
0.0
0.9329
0.6812
-0.1531
-0.4404
0.5719
-0.2023
0.3612
0.4215
0.0
-0.5777
0.0
0.5994
0.0
0.0
-0.2942
0.3519
0.0
0.0
-0.7351
-0.5837
0.6369
0.0
0.5994
-0.4019
0.0
0.34
0.0
0.0
0.5719
0.0
0.4404
0.0
0.5673
0.0
0.0
0.0
0.0
0.5859
0.0
0.8126
0.0
0.0
0.0
0.4588
-0.1719
0.1088
-0.6808
0.0
0.5256
0.0
0.7214
0.5994
0.7964
0.0
-0.4051
0.0
0.7214
0.0
0.0
0.0
0.0
0.0
0.0
0.0
0.0
0.0
0.4404
0.4588
0.0
0.4153
0.1779
0.4404
0.0
0.0
0.0
0.8793
0.0
0.4588
0.0
0.4588
0.0772
0.0
0.0
0.0
0.2263
0.4588
0.0
0.0
0.0
0.4389
0.0
0.0
0.0
0.3612
0.4588
0.0
0.0
0.0
0.0
0.9807
0.0
0.0
-0.1531
-0.5393
0.7889
0.0
0.0
-0.3818
0.0
0.2672
0.0
0.0
0.5826
0.5859
0.0
-0.4588
0.0
0.0
0.4523
0.0
-0.5423
0.75
0.0
0.6434
0.0
0.0
0.0
0.0
0.0
0.6884
0.0
-0.2896
0.0
0.0
0.0475
0.0
0.1027
0.3612
0.2225
0.0
0.4207
0.0
0.1551
0.5267
0.2235
0.0
0.0
0.0
0.7276
-0.34
0.5466
0.5574
0.0
0.0
0.7925
0.0
0.0
0.4404
0.0
-0.6901
0.3612
0.0
0.0
0.0
0.0
0.0
0.0
0.0
0.0
0.0
0.0
0.0
0.0
0.0
0.8123
0.4939
0.1812
0.0
0.0
0.0
0.0
0.6742
0.0
0.0
0.5949
0.6377
0.0
0.0
0.5719
0.0
0.0
0.0
0.0
0.0
0.0
0.4588
0.0
0.0
0.0
0.0
0.4153
0.5951
-0.5423
0.0
0.0
0.0
0.0
0.0
0.0
0.0
0.7048
0.0
0.0
0.565
0.0
0.0
0.0
0.0
0.0
0.0
0.0
0.0
0.0
0.0
0.0
0.5106
0.0
0.0
0.0
0.0
0.0
0.659
0.4153
-0.2023
0.0
0.0485
0.0
0.0
0.0
0.0
0.0
0.0
0.8429
0.0
0.0
-0.9485
-0.2732
0.0
0.2905
0.0
0.0
0.0
0.6449
0.3612
0.4898
0.0
0.4588
0.3802
0.0
0.0
0.0
0.0
0.6449
0.0
0.0
0.6219
0.0
0.0
0.0
0.0
0.0
0.3612
-0.4261
0.5538
0.6508
0.0
0.0
-0.0772
0.6742
0.0
0.0
-0.4019
-0.0196
0.0
0.0
0.0
0.0
0.0
0.4404
0.3643
0.4767
0.7184
0.0
0.9963
0.6259
0.716
-0.6739
0.0
0.2225
0.0
0.0
0.0
-0.2996
0.0
-0.2751
-0.34
0.0258
0.0
0.5274
0.8555
0.0
0.0
0.0
0.4215
0.0
0.0
0.0
0.9711
0.212
0.0
0.5719
0.0
0.1867
-0.1531
0.0
-0.7701
0.4215
0.0
-0.1779
0.9373
0.3612
-0.0772
-0.3485
0.7824
0.0
0.565
0.4939
-0.5859
0.0
0.9333
0.0
0.129
0.0
0.0
0.7509
-0.3049
0.0
0.0
0.0
0.0
0.0
0.4588
0.0
-0.4359
-0.34
0.988
0.4019
0.4939
0.6908
-0.7979
0.0
0.0
0.0
0.4314
-0.4268
-0.165
0.0
0.2732
0.779
-0.0258
0.0
0.8076
0.9226
-0.6466
0.0
0.0
0.4153
0.4215
0.0
0.5434
0.6908
-0.5994
0.9186
0.0
0.0
0.0
-0.5423
-0.4767
0.0
0.4153
0.4404
0.0
0.0
0.0
0.7184
0.0
-0.296
0.0
-0.128
0.0588
0.0
0.0
0.7256
0.0
0.0
0.4215
0.0
-0.5875
0.0
0.6574
0.0
0.0
0.0
0.2225
0.0
0.3885
0.0
-0.0387
0.0
-0.5719
0.0
0.0
0.0
0.0
-0.4051
0.0
0.0
0.0
0.0
0.0048
0.0
0.0
0.0
-0.296
0.6239
0.0
0.0
0.0
0.0
0.6908
0.2547
-0.2263
0.2225
0.6972
0.935
0.0
0.0
0.0
0.9338
0.0
0.0
0.0
0.0
0.0
0.0
0.0
0.0
-0.3761
0.0
0.7351
0.5514
0.0
0.2658
0.3753
0.0
0.0
0.0
0.0
0.8165
0.0
0.0
0.0
-0.3612
0.0
-0.4019
-0.1965
0.0
0.0
-0.4767
-0.1531
0.2263
0.0
0.8325
0.0
0.0
0.0
0.0
0.4215
0.0
0.6671
0.0
0.0
0.5267
0.4588
0.7947
0.0
0.0
0.2225
0.0
0.296
0.6486
0.0289
0.0
0.0
-0.6369
0.4939
0.3818
0.3365
0.9627
0.0
-0.1779
0.264
0.0
0.7488
0.0
0.0
0.34
0.6854
-0.3995
0.0
0.0
-0.4767
0.0
0.2126
0.25
0.5719
0.4588
0.0
0.0
-0.1139
-0.7297
0.0
0.0
-0.678
0.0
-0.5859
0.0
0.4215
-0.5423
-0.5423
0.0
0.0207
0.5994
0.8598
0.0
0.0
-0.7306
0.0
0.0
0.3244
0.6994
0.0
0.3818
0.2321
0.0
0.0
0.0
0.4939
0.0
0.4588
0.6114
0.888
0.0
0.0
0.5367
0.9904
-0.3586
0.0
0.2023
0.0
0.0
0.4019
-0.7591
0.0
0.0
0.8758
-0.4941
0.0
0.6369
0.0
0.0
0.9576
0.7718
-0.4767
0.3612
0.0
0.0
0.4404
0.5962
0.0
0.0
0.3612
0.0
0.0
0.5809
0.0
-0.3382
0.0
0.2732
0.6784
0.0
0.0
0.6209
0.0
0.0
0.0
0.7795
0.0
0.3987
0.0
0.5719
0.0
0.0
0.8045
0.0
-0.0516
0.0
0.0
0.0
0.0
0.0
0.0
-0.5747
-0.1491
0.0
0.0
0.7387
0.0
0.4215
0.0
0.0
0.6742
-0.5719
0.4523
0.0
0.0
0.6369
0.9686
0.0
0.0
0.565
0.0
-0.296
0.565
0.0
0.743
0.6486
-0.5859
0.0
0.0
0.2023
0.0
0.0
0.6671
0.0
0.0
0.0
0.0
0.7256
0.0
0.3182
0.4588
0.4423
-0.1491
-0.8487
0.0
0.7545
0.5255
-0.25
0.0
0.0258
0.6912
0.5994
-0.1531
0.34
0.0
0.0
0.3182
0.0
0.0
0.0
-0.5293
0.0
0.0
0.0
0.5562
-0.4767
0.8472
0.0
0.0
0.0844
0.5719
0.0
0.0
-0.5423
0.0
0.0
-0.6916
0.0
0.2263
0.0
0.0
0.0
0.4404
0.8279
-0.3612
0.993
0.0
-0.3612
0.0
0.1901
0.9299
-0.0956
0.0
0.0
0.0
0.0
0.0
0.0
0.0
0.0
0.0
0.2225
0.0
0.0
-0.2732
0.3612
0.0
0.9897
0.0
0.0
0.0
0.4588
0.0
0.296
0.2225
0.0
0.0
0.5184
-0.5859
0.0
0.4153
0.0
0.6671
0.0
0.0
-0.4404
0.7736
-0.5106
0.4215
0.6209
0.3252
0.565
0.0186
0.0
0.0
0.2225
0.7964
0.0
-0.5267
0.0
0.0
0.0
0.0
0.0
-0.6124
-0.795
0.0
0.7213
0.0
0.6241
0.3578
-0.3182
0.6214
0.2304
0.6224
-0.5423
0.565
0.7309
-0.5574
0.5103
0.0
0.5538
0.0
0.0
0.5538
0.0
0.0
0.9291
-0.4767
0.0
0.0
0.8044
0.9832
0.0
0.3818
0.0
0.4122
-0.128
0.0
0.6467
0.4412
0.6369
0.0
0.0
0.0
0.7771
0.0
0.0
0.6434
0.855
0.8802
-0.4939
-0.1996
0.0
0.8893
0.6742
0.0
0.9866
0.7456
0.5924
0.0
0.5719
0.5924
0.0
0.0
0.0
0.5562
0.9733
-0.6884
0.4153
0.0
-0.783
0.0
0.0
0.5719
0.0
0.0
0.0
0.0
0.0
0.0
0.3744
0.8237
0.4314
0.9009
0.0
0.0
0.0
0.0
-0.2789
0.4019
0.0
0.8393
-0.8344
0.981
-0.3182
0.8114
0.9404
0.5719
0.3612
0.4404
0.7169
0.4215
0.0
0.0
0.0
0.8213
0.9253
0.3244
0.0
-0.5337
0.0
0.5719
0.0
0.0
0.1531
0.6124
0.6124
0.0
0.0
0.0
0.0
0.3493
0.5106
0.8323
0.9029
0.5093
0.6115
0.6588
-0.0516
0.0
0.8234
0.0
0.7599
0.6114
0.6808
0.5719
0.0
0.0
0.0
0.4374
0.0
0.0
0.0
0.0
0.0
0.9637
-0.0572
0.0
0.0
0.0
0.5038
0.0
0.0
0.0
0.4314
-0.0077
0.804
0.9554
0.0
0.0
-0.498
0.9227
0.0
0.6476
0.0
-0.126
0.0
0.0
0.0
0.0
0.0
0.0387
0.0
0.0
0.0
0.0
0.6486
0.5423
0.8885
0.6792
0.9767
0.0
0.0
0.8825
0.0
-0.3384
0.0
0.8979
0.6812
0.9286
0.0
0.6113
0.0
0.0
-0.1531
0.9124
0.0
0.4576
0.0
0.0
0.5053
0.5719
0.4184
0.0
0.7955
-0.4767
0.0
0.0
-0.0227
0.0
0.89
0.0
0.2023
-0.3561
0.0
0.4168
0.9751
0.2944
0.0
0.923
0.8377
0.6633
0.5216
0.0
0.0
0.0
0.2225
0.0
0.836
0.0
0.5719
0.5826
0.0
0.9804
0.8715
0.3662
0.8733
0.6633
0.4153
0.0
0.0
-0.296
0.0
0.0
0.0
0.0
0.0
-0.6597
0.4207
0.0
0.6739
0.9258
-0.4939
0.0
0.0
0.0
0.0
0.0
0.7901
0.4914
0.0
0.5106
0.0
0.6249
-0.5267
0.4588
0.602
0.8855
-0.2732
0.0
0.0
0.8892
0.6602
0.0
0.6908
0.4019
0.4624
0.0
-0.1531
0.9103
0.0
0.0
0.7701
0.891
0.5719
0.0
0.0
0.0
0.2263
0.0
0.5994
0.0186
0.7862
0.8269
0.0
0.9645
0.9165
0.0
0.7975
0.0
0.0
0.4588
0.0
0.5994
-0.2415
0.0
0.0
0.4404
0.0
-0.4098
0.0
0.4588
0.0
-0.6289
0.7819
0.0
0.8464
0.8037
0.0
0.3612
0.4003
0.9862
-0.2263
0.4003
-0.1759
0.4215
0.8478
0.0
0.0
0.495
0.0
0.0
0.6327
0.569
0.9248
0.0
-0.6841
0.6652
-0.5067
0.5719
-0.3182
0.5696
0.5719
-0.5106
-0.2942
0.0
-0.5627
0.0
0.0
0.805
-0.3022
0.0
0.0
0.0
-0.6249
0.6792
-0.7579
-0.1511
0.0
0.0
-0.6249
0.6739
0.0
-0.2462
-0.6249
0.4926
0.0
0.6369
0.0
0.6988
0.6121
-0.7269
0.7412
0.0
-0.6249
0.0
0.0
0.0
0.5719
0.0
0.0
0.1916
0.8495
-0.5216
0.0
0.5837
0.0
0.0
0.8496
0.9912
0.5538
0.0
0.0
0.0
0.3612
0.5033
0.0
0.0
0.0
0.0
0.8692
0.0
0.2283
0.0
0.2225
0.0
0.0
-0.1426
0.1779
0.4404
0.565
0.0
-0.2996
0.8853
0.6633
0.9151
-0.5707
0.6682
0.4588
0.0
0.7074
0.0
0.6421
0.0
0.0
0.8627
0.5719
0.5466
0.0
0.9335
0.8249
0.0
0.3711
0.9491
0.0
0.0
0.555
0.7806
0.6435
0.0
0.0
0.001
0.2584
-0.34
0.0
0.0
0.0
0.0
0.6486
0.9636
0.0
0.0
0.5719
0.5466
0.0
0.9306
0.8598
0.5562
0.8207
0.0
0.4682
0.2225
-0.5719
0.9071
-0.296
0.0
0.5544
0.5719
0.5191
0.4404
0.0
0.5574
0.2716
0.4588
0.565
0.9338
0.565
0.4588
0.4588
0.6981
0.4588
0.0
0.0
0.0
0.0
0.0
0.0
0.0
0.9551
0.0
0.0
0.1441
0.0
0.0
0.0
0.0
0.0
0.881
0.0
0.6517
0.0
0.0
0.6114
0.6369
0.0
0.0
0.0
0.4059
0.7184
0.0
0.0
-0.5296
-0.5423
0.0
0.5747
0.7908
0.0
0.9162
-0.2942
0.6384
0.0
0.1451
0.0
0.4404
0.1551
0.0
0.0
0.0
0.0772
0.9915
0.3612
0.4926
-0.5725
0.6506
0.0
0.8957
0.0
0.0
0.6784
0.0
-0.5399
0.0
0.0
0.0
-0.5423
0.0
0.0
0.5994
0.0
-0.4767
0.0
0.2225
0.0
0.0
0.0
0.5242
0.7568
0.2225
0.0
0.792
0.5466
-0.3612
0.0
0.7099
0.0
0.7783
0.0
0.0
0.0
0.0
-0.596
0.0
0.6369
0.0
0.0
0.0
0.0
0.0
0.0
0.2382
0.5859
-0.7081
0.7906
0.0
0.0
0.0
0.0
0.0
0.4404
0.0
0.296
0.0
0.5986
0.0
-0.1779
0.0
0.9805
-0.2914
-0.5423
0.5399
0.1511
0.5106
0.0
0.0
0.6114
-0.7263
0.0
0.2225
0.0
0.8598
0.7562
0.7697
0.0
0.0
0.0
0.0
0.9116
0.3612
0.69
-0.5514
-0.34
0.0
0.0
0.0
-0.6571
0.0
0.5994
0.6249
0.1421
0.0
0.3612
0.9118
0.0
0.0
0.7884
0.0
0.5954
0.0
0.0
0.0
0.0
0.6369
0.0
0.0
0.0
0.0
0.0258
0.6452
0.296
0.0
0.0
0.0
0.0
0.0
0.7263
-0.5504
-0.4939
0.0
0.8787
0.0
0.0
0.7876
0.0
0.0
0.855
0.0
0.4215
0.0
0.9984
0.5538
0.0
0.0
-0.6808
0.0
-0.7269
0.0
0.68
0.0
-0.3333
0.673
-0.7901
0.4199
0.0
0.0
0.7879
0.0
0.0
0.7348
0.3753
0.6784
0.0
0.0
0.0
0.7096
0.1119
0.986
0.0
0.0
0.4019
0.1027
0.0
0.0
0.0
0.0
0.2491
-0.5853
0.5411
0.0
0.3818
0.0
0.0
0.0
0.1451
0.0
-0.4449
0.0
0.0
0.0
-0.2714
0.0
0.0
0.6166
0.0
0.5719
0.0
0.745
-0.4201
0.602
-0.2091
0.4927
0.0
0.4588
0.9417
0.6114
0.0
0.4767
0.4939
0.0
0.6476
0.9114
0.9109
0.5719
0.5719
0.0
0.0
0.5719
0.0
0.0
0.8991
0.3149
0.0
0.0622
0.3578
0.0
0.0
0.25
0.6249
0.0772
0.5719
0.6972
0.8772
0.0
0.0
0.6476
0.1159
0.6115
0.0
0.6696
0.0
0.0
0.7482
0.4153
-0.5423
0.1551
0.0
0.0
0.0
0.4939
0.0
0.0
0.0
0.0
0.0
0.5777
0.0
0.9812
0.0
0.5368
0.4404
0.5466
0.8065
0.0
0.6114
0.7124
0.0
0.5563
0.4753
0.0
0.7523
0.4939
-0.296
0.3612
0.0
0.6114
0.4523
0.6114
0.0
0.0
0.0
0.5719
0.0
0.2263
0.0
-0.0731
-0.3058
0.6505
0.0
0.0
-0.5686
0.0
0.0
0.0
0.0
-0.4404
0.0
0.0
-0.2584
0.0
0.5892
0.0
0.6369
0.0
0.0
-0.0572
0.3239
0.7752
0.0
0.6467
0.8194
0.508
0.0
0.5759
0.0
0.4215
0.3818
0.7913
0.4389
0.0
0.0
0.0
0.7749
0.5405
0.1531
0.0
0.4019
0.0
0.0
0.0
0.0
0.0
0.743
-0.5267
0.4019
0.6369
0.6565
0.6856
0.6369
0.0
0.0
0.0
0.7412
0.0
-0.1665
-0.2139
0.0
0.0
0.0
0.6784
0.0
-0.5615
0.5719
0.0
0.0
0.2732
0.4404
0.0
-0.5106
0.0
0.565
0.4404
0.0
0.7067
0.0
0.0
0.4939
0.9494
0.0
-0.1531
0.0
0.4019
-0.2023
0.0
-0.4939
0.0
0.0
0.0
0.2225
0.8243
0.4284
0.2081
0.6742
0.884
0.6792
0.9517
0.8623
0.8442
0.0
0.0
0.4802
0.0
0.4215
0.0
0.8598
0.5023
0.3391
0.0
0.0
0.0
0.0
0.0
0.0
0.8258
0.0
0.565
0.0
0.0
0.0772
0.0
0.3339
-0.5574
0.0
0.9693
0.3612
0.0
0.5719
0.5615
0.0
0.0
0.845
0.0
0.6717
0.689
0.0
-0.6705
0.0
0.0
-0.6597
0.0
0.2225
0.0
0.7073
0.0
-0.5093
0.4588
0.6956
0.0
0.0
0.0
-0.3919
0.6369
-0.5423
0.4588
0.0
0.0
0.0
0.0
0.8225
0.0
0.5951
0.0
0.0
-0.765
0.0
0.0
-0.5423
0.6114
0.0
0.4588
0.0
0.5719
0.5719
0.0
0.0
0.0
0.2148
0.0
0.5719
0.3612
0.0
0.0
0.0
0.0
0.0
0.0
0.9961
0.0
0.0
0.7786
0.0
0.7067
-0.5935
0.6988
0.3544
0.8309
0.5826
0.0
0.0
0.0
0.128
-0.25
0.7738
0.4215
0.6369
0.2225
0.8848
0.0
0.4199
-0.296
0.5859
0.0
0.7845
0.0
0.0
0.0
0.0
0.4153
0.0
0.0
0.0
0.0
0.4019
0.1491
0.0
0.0
0.1591
0.506
-0.5223
0.0
0.0
0.3612
0.0
0.0
0.0
0.0
0.0
0.6495
-0.546
-0.4019
-0.2896
0.3612
0.0
0.0
0.0
0.2225
0.0
0.6036
-0.5062
0.0
-0.7783
-0.6072
0.0
0.0
-0.8316
0.0
0.5792
0.0
-0.5106
0.0
0.565
0.0
0.0
0.9927
0.0
0.0
-0.2263
0.0
0.0
0.5886
0.0
0.5214
0.25
0.0
0.0844
0.0
0.765
0.3182
0.3612
-0.6486
0.0
-0.5994
0.0
0.0
0.0
0.0
-0.4404
0.0
0.0
0.0
0.5719
0.7996
0.5719
0.5719
0.0
0.0
0.0
0.0
0.5719
0.0
0.0
0.0
0.0
0.0
0.3612
0.6249
0.0
0.0
0.6269
0.0
0.0
0.9191
0.2565
0.836
-0.4466
0.2686
0.8555
0.6114
0.0
0.0
-0.0572
0.6739
-0.4357
0.4767
-0.4003
0.2263
0.7959
0.8176
0.3907
0.0
0.569
0.0
0.3612
-0.34
0.5719
0.0
0.0
0.0
0.0
0.0
0.0
-0.296
0.0
0.0
0.4939
-0.4261
0.2732
0.5719
0.8555
0.0
0.5656
0.0
0.1027
0.8763
0.7866
0.9604
0.765
-0.1749
0.6908
0.0
0.7067
0.0
0.0
0.0
0.8967
0.0
0.6771
-0.21
0.0
0.6083
0.0
0.0
0.8598
0.4588
0.0
0.0
-0.34
0.0
0.5719
0.9459
0.0
0.0
0.0
0.9379
0.0
0.0
-0.5826
0.2677
-0.4404
0.0
0.3612
0.0
0.0
0.7351
0.0
0.5719
0.5673
-0.127
0.7521
0.5719
0.0
0.8888
0.6121
0.7357
0.4215
0.9584
0.0
0.0
0.0
0.0
-0.4098
0.0
0.4939
-0.5994
0.0
-0.2755
0.0
0.0
0.0
0.8614
0.0
-0.5423
0.0
0.8126
0.0
0.0
0.877
0.4545
0.0
-0.1531
0.5106
0.3182
-0.5574
0.0
0.0
0.0
-0.4215
0.0
0.5719
0.0
0.0
0.6808
-0.3752
0.0
0.2225
0.0
0.7037
0.5719
0.0
0.0
0.0
0.5574
0.4939
-0.296
0.0
0.0
0.0
0.0
0.0
0.5719
0.0
0.0
0.0
0.0
0.0
0.0
0.6114
0.2677
0.5719
0.5719
0.3612
0.4215
0.0
0.5924
0.9274
0.0
-0.296
0.0258
0.0
0.9407
0.0
-0.34
0.0
0.0
0.0
0.4019
0.0
0.0
0.8326
0.5319
0.2732
0.0
0.0
0.0
-0.6052
0.0
0.5267
0.0
0.0
0.0
0.4215
0.0
0.5908
0.0
0.0
0.8074
0.8689
0.0
0.0
0.0
0.0
0.0
0.4215
0.0
0.0
0.0
0.3612
0.0
0.0
0.6467
0.0
0.0
-0.5423
0.4404
0.7896
0.0
0.0
0.8143
0.0
0.0
0.8061
0.0
0.0
0.0
0.0
0.0
0.5719
0.4523
0.0
0.8061
0.1551
0.0
0.0
0.0
0.0
-0.0516
-0.296
0.0
0.0
0.0
0.0
-0.5562
0.8463
0.0
0.0
0.5719
0.0
0.0
0.0
0.0
-0.1481
0.0
0.0
0.6249
0.4404
-0.1974
0.0
0.7708
0.0
0.0
0.5719
0.0
0.0772
0.5574
0.5574
0.0
0.9936
0.0
0.7783
0.0
0.0
0.9406
0.0
0.2869
0.0
0.0
0.0
0.0
-0.3252
0.0
0.0
0.0
0.0
0.0
-0.5293
0.5719
0.0
0.6696
0.2485
-0.4829
0.0
0.5719
0.3031
0.4588
0.6114
0.4927
0.0
0.0
0.4404
0.1779
0.9028
0.0
0.851
0.4404
0.0
0.0
0.0
0.0
0.0
0.9168
0.9065
0.0
0.7717
0.0
0.0
0.0
-0.8481
0.0
0.8402
0.4523
-0.5423
0.6031
0.5047
0.0
0.0
0.0
0.0
0.0
0.5859
0.3182
0.0
0.5963
0.0
0.5615
0.0
0.6784
0.8311
0.6407
-0.4585
0.0
0.0
0.4939
0.4871
0.0
0.896
0.5719
0.7576
0.0
0.0
0.0
0.4576
0.0
0.0
0.0
0.0
0.5719
0.0
0.0
0.5719
0.0
0.4215
0.0
0.0
0.0
0.0
0.5106
0.0
0.0
0.0
0.0
0.0
0.0
0.8757
0.0
0.4404
0.5719
-0.4215
0.0
0.6052
0.7003
0.5719
0.8525
0.0
0.0
0.5242
0.0
0.344
0.0
0.8693
0.0
0.0
0.0
0.9404
0.6229
0.4184
0.0
0.0
0.4207
0.5719
0.0772
0.5719
0.0
0.0
0.6369
0.0
0.0
0.5013
0.0
0.4926
0.0
0.0
0.0
0.5719
0.6369
0.8249
0.0
0.0
0.1531
0.7067
0.0
0.0
0.0
0.0
0.9704
0.0
0.3502
0.5719
0.0
0.4215
0.4215
-0.34
0.6062
0.0
0.5719
0.0
0.0
0.0
0.0
-0.0258
0.937
0.0
0.5719
0.0
0.5622
0.0
0.0
0.0
0.0
-0.34
0.3408
0.0
0.0
0.6652
0.0
0.0
0.7067
0.0
0.5719
0.0
0.0
0.0
0.5719
0.0
0.1779
0.0
0.0
0.0
0.0
0.0
0.0
0.0
0.4404
0.0
0.7521
0.0
0.9777
0.0
0.5106
0.6369
0.7067
0.4215
0.8522
0.0
0.6697
0.0
0.0
0.0
0.5106
0.0
0.5538
0.5719
0.0
0.6369
0.0
0.9578
-0.9217
0.6249
0.0
-0.3875
0.6542
0.0
0.0
0.0
0.0
0.0
0.6136
0.0
0.0
-0.2023
0.0
-0.34
0.0
0.0
0.0
0.9215
0.0
0.0
0.4215
0.0
0.0
0.5597
0.0
0.0
0.0
0.0
0.9578
0.0
0.0
0.6369
0.86
0.0
0.0
0.0
0.0
0.0
0.0
0.0
0.5228
0.0
0.0
-0.632
0.0
0.0
0.2225
0.0
0.6369
0.5106
0.5719
0.0
0.0
0.0
0.0
0.0
0.3612
0.5719
0.2677
0.0
-0.5859
0.3182
0.9103
0.0
0.1384
0.0
0.0
0.0
0.0
0.0
0.0
0.5542
0.0
0.0
0.7246
0.6808
0.0
0.0
0.0
0.0
0.0
0.0
-0.1145
0.0
0.9378
0.0
0.0
0.6114
-0.34
-0.636
0.7351
0.3182
0.5574
0.0
0.0
0.5994
0.4153
0.7556
0.2023
0.9572
0.0
0.7781
-0.34
0.7269
0.7482
0.0
-0.1134
0.0
0.0
0.3645
0.3802
0.0
0.0
0.0
0.659
0.0
0.0
0.2225
0.2225
0.4207
-0.0516
0.3862
0.0
0.0
0.0
0.9296
0.5106
0.4588
0.4019
0.0
0.0
0.0
0.0
0.0
0.4939
-0.3244
0.0
0.0
0.5908
0.0
0.8481
0.2225
0.0
-0.1471
0.0
0.565
0.0
0.0
0.0
-0.695
0.0
0.9423
-0.4215
0.0772
0.8659
0.0
0.0
0.0
0.0
0.7783
0.0
0.0
0.0
0.0
-0.8481
0.4456
0.9028
0.0
0.0
0.0
0.128
0.2732
0.0
0.0
0.0
0.6808
0.0
-0.1877
0.4559
0.0
0.7964
0.802
0.0
0.0
0.3612
0.7783
0.0
0.7767
0.2744
0.0
0.0
-0.347
0.0
0.3595
0.0
0.0
0.8979
0.6672
0.0
0.5962
0.3031
-0.6628
0.0
0.0
0.0
-0.2732
0.0
-0.2732
-0.4404
0.8947
0.0
0.0
0.6856
0.6908
0.0
0.0
0.0
0.3851
0.0
0.6908
-0.3252
0.0
0.0
0.2887
0.4019
0.0
0.0
0.6996
0.5368
0.286
0.5994
0.0
-0.3595
0.0
0.5106
0.0
0.6369
0.765
0.9439
0.0
0.8876
0.0
-0.6093
0.7798
0.0
0.4912
-0.4767
0.0
0.8331
0.0
0.4939
0.2796
0.0
0.0
-0.5106
0.0
-0.0031
-0.0823
0.8598
0.8698
0.0
0.3612
0.0
0.0
0.7374
0.0
0.4767
0.0
0.6771
0.0
0.1311
0.0
0.0
0.0
0.8258
0.8194
0.6444
0.0
0.0475
0.5095
0.0
0.0
0.0
0.0
0.0
-0.1027
0.0
0.0
0.0
0.0
0.0
0.0
-0.4939
0.0
-0.6705
0.0
0.0
0.4019
0.0
0.0
0.0
0.0
-0.1531
0.5859
0.974
-0.5777
0.0
0.5809
0.0
0.0
0.8663
0.7048
-0.6808
0.0
0.0
0.4215
0.1531
0.0
0.5574
0.0
0.0
0.6467
-0.6597
0.0
0.0
0.951
0.0
0.0
0.0
0.8011
0.0
0.4588
-0.5423
0.0
0.0
0.4153
0.0
0.4153
-0.1779
0.0
0.0
0.0
0.6369
0.558
0.0
0.0
0.0
0.022
0.3076
0.4153
0.0
0.166
0.0
0.431
0.2328
0.0
0.4419
0.0
0.8638
0.0
0.0
0.0
0.0
0.0
0.4153
0.8118
0.0
-0.5267
0.0
0.6973
-0.6152
0.0
0.2225
0.4404
0.4588
-0.5722
0.5719
0.0
0.0
0.5184
0.0772
0.3612
0.7964
0.0
0.128
0.0
0.0
0.7906
0.0
0.0
0.1381
0.4404
0.0
0.0
0.0
0.0
0.9041
-0.538
0.0
0.0
0.0
-0.5423
-0.4939
0.7484
0.0
0.4588
0.0
-0.4939
0.0
0.0
0.0
0.0
0.0
0.0
0.0
0.5875
0.8267
0.9108
0.0
0.0
0.34
0.4653
0.7585
0.3875
0.0
0.0
-0.5293
0.7227
0.0
0.0
0.5719
0.0
0.0
0.0
0.0
0.0
0.0
0.5574
0.0
0.0
0.0
0.4939
0.1531
-0.4404
-0.8834
0.4215
-0.2263
-0.643
-0.0823
-0.5423
0.2023
0.0
0.2914
-0.2584
0.3612
0.4314
0.86
0.8065
0.0
0.0
-0.3182
0.0
0.0
-0.4118
0.0
0.0
0.3612
0.0
0.0
0.9566
0.5095
0.0
-0.1779
0.0
0.802
0.2225
0.8586
0.0
0.0
0.0
-0.3595
0.0
0.9423
0.0
0.1561
0.0
0.3923
0.0
0.0
0.9618
0.0
0.0
0.0
0.0
0.3476
0.4588
-0.204
-0.0572
0.5574
0.0
0.2225
-0.3182
0.8837
0.7831
0.0
0.8698
0.4153
0.0
-0.3724
0.0
0.0
0.0
0.0
0.167
0.0
0.7946
0.4898
-0.6597
0.8598
0.0
0.0387
0.5597
0.0
0.6597
0.0
0.0
0.0
0.7579
0.78
-0.34
-0.5574
0.2263
0.0
0.5448
0.7901
-0.0956
0.0
0.5106
0.2023
0.0
0.0
-0.0956
0.0
0.0
0.0
-0.3182
0.4153
0.0
0.0
0.7195
0.0
0.0
0.555
0.5597
0.0
0.6341
-0.1531
0.0
0.0
0.0
0.3612
0.4404
0.0
0.2235
0.565
0.5972
-0.5719
0.2841
0.0
0.0
0.8595
0.296
-0.0258
0.0
0.3818
0.7539
-0.0209
0.0
0.9512
0.0
0.0
0.8193
0.3612
0.1336
0.0
0.6906
0.0
0.0
0.0
0.0
0.3182
0.5859
0.0
0.3818
0.0
0.963
-0.6407
0.0
-0.4552
0.4207
0.4211
0.0
0.0
0.3612
-0.8118
0.0
-0.4939
0.0
0.0
-0.4215
0.0
0.0
0.9294
0.0
0.0
0.6229
0.7906
0.0
0.0
0.0
-0.8589
0.0
-0.5423
-0.34
0.0
-0.6341
-0.296
-0.1149
0.0
0.0
0.0
0.0
0.9134
0.0
0.0
0.4215
0.0
0.0
0.0
0.0
0.6908
0.0
0.655
0.4153
0.0
0.0
0.1421
0.6906
0.0
0.6472
-0.5267
0.0
0.0
0.0
0.5924
0.0
0.0
-0.5719
0.0
0.4404
0.0
0.0
0.0
0.0
0.5892
0.8202
0.3612
0.8407
0.0
0.5913
0.4819
0.6114
0.9928
0.0
0.4215
0.5908
0.0
0.0
0.0
0.0
0.5719
-0.2905
0.0
0.8007
0.2263
0.8807
0.4003
-0.7167
-0.3382
0.4215
0.6734
0.0
0.7269
0.0
-0.1531
0.4153
-0.4939
0.0
-0.3861
0.0
0.0
0.4153
0.2023
0.6124
0.0
0.0
0.0
0.8413
0.0
0.0
0.0
0.0
0.4404
0.0
0.0
0.0
0.3802
0.5615
0.4153
0.5267
0.0
0.34
0.4738
0.8284
0.2225
0.0
0.0
-0.5267
-0.4588
0.0
0.4588
0.34
0.0
0.4404
-0.7506
0.9888
-0.2732
0.0
0.3244
0.8819
0.0
0.0
-0.26
0.8643
0.7097
0.0
0.7558
0.3612
0.0
0.0
0.5106
0.0
0.0
-0.1027
0.5696
0.2565
0.0
0.0
0.0
0.6742
0.0
0.0
0.8349
0.4153
0.6908
0.4153
0.0
0.6229
0.0
0.2225
0.1551
0.4696
0.0
0.5368
-0.7895
0.0
0.5496
0.0
0.0
0.0
0.8598
0.0
0.9417
0.6036
0.506
-0.4168
0.6705
0.8223
0.0
0.0
-0.34
-0.4215
0.5994
0.0
-0.1665
0.0
0.8607
0.4588
0.0
-0.6993
0.2942
0.0
0.0
0.0
0.0
0.0
0.5267
0.2225
0.7717
0.0
-0.0387
0.0
0.0
0.0
0.0
0.0
0.0
0.9664
0.0
0.0
-0.1896
0.0
0.7574
0.0
0.0
0.0
0.0
0.0
0.0
0.0
0.0
0.0
0.6369
-0.3182
0.4153
0.7821
0.0
0.6139
0.0
-0.0341
0.5538
0.0
0.0
0.898
0.0
0.0
0.0
0.5435
-0.5423
0.2225
0.0
0.9731
0.0
0.0772
0.0
0.7744
0.8392
-0.2732
0.4404
-0.5719
0.7361
0.0
0.3818
0.0
0.0
0.6369
0.4588
-0.6765
-0.1027
0.7393
0.4215
-0.296
0.0
0.3612
0.3818
0.0
0.7412
0.7326
0.4215
0.4939
0.128
0.0
0.0
0.8436
-0.2732
-0.5423
0.0
0.0
-0.3412
0.5106
0.4588
0.4927
0.0
0.5184
0.0
-0.4767
0.0
0.0
0.0
-0.4939
0.0
-0.5267
0.0
0.0
0.0
0.6361
0.6124
0.0
-0.5719
0.0
0.0
0.0
0.0
0.0
-0.3058
0.6346
-0.296
0.0
-0.6973
0.0
0.9483
-0.5423
0.0
0.0
0.0
0.0
-0.3553
0.0
0.8687
0.0
0.1551
0.0
0.0
-0.6777
-0.3626
0.9113
-0.4927
0.0
0.4456
0.4843
0.6486
0.0
-0.6249
0.897
0.2225
0.6988
0.3687
0.0
0.0
0.8035
0.0
0.0
-0.3412
0.0
0.6778
0.4495
0.8126
0.0
0.8018
0.6912
0.5242
0.6487
-0.1027
-0.4019
0.5267
0.3612
0.4939
0.8772
0.0
0.0
0.4153
0.0
0.5563
-0.4939
0.0
0.0
0.0
0.7858
0.0
0.0
0.0
-0.7616
0.0
0.0
0.0
0.0
0.0
0.0
0.0
0.0
0.0
0.0
0.0
0.0
0.5837
0.5736
0.122
0.0
0.602
0.0
0.823
0.5499
-0.1531
-0.4919
-0.3331
0.0
0.0
0.6682
-0.0516
0.0
0.8385
0.9134
0.2263
0.0
0.0
0.4939
0.2649
-0.0382
0.0
-0.9176
0.7096
0.6872
0.9166
0.506
0.0
0.0
0.4404
0.0
0.7096
-0.5719
0.7783
0.5574
0.6705
0.0
0.0
0.0
0.7579
0.0
0.6369
0.0
-0.3071
0.0
-0.5826
0.296
0.0
0.9819
0.0
-0.4019
0.0
0.0
0.0
0.2225
0.4695
0.0
0.3612
0.6369
-0.5709
0.0
0.0
0.763
0.3244
0.0
0.0
0.0
0.0
0.0
0.673
0.6025
-0.2484
0.6269
0.0
0.0
0.0
0.4215
0.0
-0.1027
0.7946
0.0
0.3182
0.0
0.0
0.0
0.0
0.0
0.0
-0.5719
0.0
0.6597
0.2263
-0.0772
0.854
0.0
0.0
0.971
0.0
0.0
0.0
0.565
0.2263
0.0
0.0
0.0
-0.4487
0.0
0.5647
0.2815
0.577
-0.5609
0.4153
0.5826
0.0772
0.0
0.4215
0.0
0.0
0.4802
-0.296
0.0
0.0
0.0
0.0
0.0
0.0
0.0
0.0
0.2023
0.0
-0.4019
0.0
-0.2547
0.0
0.798
0.0
0.2023
0.8225
0.6476
0.7717
0.0
0.8186
0.5859
0.5859
0.2023
0.0
0.0
-0.717
0.3612
0.0
0.0
-0.5267
0.0
0.6369
0.0
0.0
0.6369
0.5859
0.0
0.0
0.0
0.4632
-0.5719
0.0
0.0
0.0
0.0
0.937
0.0
0.0
0.0
0.0
0.2225
0.7243
0.0
0.0
0.558
0.4404
-0.5423
0.5106
0.0
0.0
0.0
0.0
0.0
-0.7273
0.0
0.6249
0.9335
0.872
0.2389
0.2225
0.0
0.2727
0.0
0.0
0.0
0.4215
-0.3678
0.0
0.0
0.0
0.0
0.9444
-0.2263
0.8421
0.4215
0.6269
0.0
0.8096
0.0
0.0
0.0
0.0
0.0
0.0
0.0
0.0
-0.6229
0.0
0.7527
0.8934
-0.5423
0.0176
0.0
-0.0019
0.0
0.0
-0.2484
0.0
0.8955
-0.1531
-0.0935
0.565
0.5972
0.5994
0.577
0.0
0.0
0.0
0.5229
0.0
0.6103
0.0
0.0
-0.2129
0.0
-0.1857
0.0
0.0
0.565
0.0
0.0
-0.128
0.0
0.4588
0.0
0.0
0.0258
0.6996
0.0
0.4153
0.0
0.5787
0.296
0.0
0.0
0.0
0.4927
0.0
0.0
0.3408
0.4588
0.4153
0.0
0.9714
0.5538
0.5256
0.0
0.3818
0.5859
0.0
0.0
0.0
0.7239
0.4523
-0.7717
0.0
0.0
0.0
-0.2732
0.0
-0.3612
0.0
0.0
0.0
0.0
-0.5848
0.1027
0.3612
0.0
0.0
0.3182
0.0
0.0572
0.4959
0.1027
0.0
0.4588
0.0
0.0
-0.0258
-0.0772
0.7823
0.4588
0.5994
0.4314
0.8346
0.3612
0.5707
0.4215
-0.4404
-0.5013
0.0
0.8126
0.0
0.0
0.0
0.0772
0.0
0.4404
0.8715
0.4926
0.0
0.0
0.6229
0.9048
0.0
0.0
-0.6808
0.0
0.0
0.0
0.0
0.0
-0.0772
0.4404
0.0
0.0
0.0
0.0
0.2398
0.3612
0.0
0.6184
0.0
0.0
0.0
0.9391
0.3802
0.6239
0.0
0.0
0.0
0.0
0.0
0.7269
0.5126
0.0
0.0
0.4207
0.3252
0.0
-0.2732
0.0
0.5073
-0.296
0.0
0.7968
-0.124
0.4019
0.565
0.0
0.0
0.0
0.0
0.0
0.6369
0.0
-0.3804
0.4019
0.0
-0.34
0.2197
0.5106
-0.6808
0.7663
0.0
0.0
0.8016
0.0
0.577
0.4019
-0.4767
0.0
0.0
0.6606
0.9536
0.9505
0.0
0.351
0.2139
-0.5423
0.2225
0.0
0.0
0.0
-0.5994
0.6588
-0.6124
0.0
-0.5423
-0.3595
0.8374
0.0
0.0
0.276
0.0
0.0
0.0
-0.3182
-0.3678
-0.119
0.0
0.0
0.2235
0.8791
0.6836
0.7181
-0.296
0.0
0.0
-0.1581
0.9078
0.0
0.0
0.0
0.0
0.0
0.0
0.6369
0.0
0.0
-0.0665
0.0
0.0
0.0
0.2225
0.0
0.0
0.0
0.4767
0.0
0.0
0.0
0.0
0.3612
0.0
0.0
0.4939
0.0
0.0
0.5423
0.4173
0.0
0.0
0.7902
0.0772
0.0
0.0
0.0
0.5033
0.0
0.4075
0.0
0.4019
0.1421
0.9883
0.0
-0.6375
0.0
0.0
0.0
0.0
0.0
0.0
0.7521
0.0
0.0
0.0
0.3239
0.0
0.0
0.0
0.1421
0.9425
0.0
